Time Psi_LApo Psi_LSym LAI SWS1 SWS2 SWS3 
631155600 -0.1337506 -0.1666008 6 103.6172 103.634 103.3591 
631159200 -0.1295204 -0.1605685 6 103.5962 103.6306 103.3583 
631162800 -0.1166945 -0.1428495 6 103.5772 103.6276 103.3575 
631166400 -0.1022073 -0.1229527 6 103.5609 103.6249 103.3568 
631170000 -0.08807529 -0.1036407 6 103.5474 103.6226 103.3562 
631173600 -0.074868 -0.08568173 6 103.5365 103.6208 103.3558 
631177200 -0.07209413 -0.08209284 6 103.5246 103.6192 103.3554 
631180800 -0.141965 -0.1785222 6 103.5037 103.6166 103.3547 
631184400 -0.2589348 -0.3397938 6 103.4622 103.6112 103.3534 
631188000 -0.4559842 -0.6107365 6 103.3863 103.601 103.3508 
631191600 -0.741302 -1.003069 6 103.2597 103.5836 103.3464 
631195200 -1.087007 -1.478856 6 103.0689 103.5566 103.3396 
631198800 -1.421381 -1.937707 6 102.8111 103.5192 103.3303 
631202400 -1.630341 -2.211776 6 102.5003 103.4735 103.3188 
631206000 -1.663346 -2.238545 6 102.1672 103.424 103.3063 
631209600 -1.567841 -2.101265 6 101.8412 103.3751 103.294 
631213200 -1.339136 -1.783174 6 101.5555 103.3307 103.2828 
631216800 -1.021727 -1.345371 6 101.3327 103.2944 103.2736 
631220400 -0.5813946 -0.7410782 6 101.194 103.2706 103.2676 
631224000 -0.431145 -0.5362857 6 101.1001 103.2539 103.2633 
631227600 -0.3643787 -0.4463907 6 101.0244 103.2401 103.2598 
631231200 -0.3232147 -0.3916994 6 100.9591 103.2278 103.2566 
631234800 -0.2909231 -0.349173 6 100.9014 103.2168 103.2538 
631238340 -0.2626038 -0.31206 6 100.8504 103.2068 103.2512 
631242000 -0.231222 -0.2707414 6 100.8065 103.1979 103.2489 
631245600 -0.2112572 -0.2450017 6 100.7678 103.1899 103.2468 
631249200 -0.1904853 -0.2180846 6 100.7339 103.1826 103.2449 
631252800 -0.1706864 -0.1924399 6 100.7047 103.176 103.2431 
631256400 -0.1523337 -0.1687173 6 100.6799 103.1701 103.2416 
631260000 -0.1355114 -0.1470319 6 100.6592 103.1649 103.2402 
631263600 -0.1296014 -0.1402171 6 100.6389 103.1601 103.2389 
631267200 -0.1974034 -0.2342972 6 100.6107 103.1544 103.2373 
631270800 -0.3144907 -0.3953951 6 100.5625 103.1461 103.2352 
631274400 -0.5132574 -0.6676918 6 100.4803 103.1331 103.2318 
631278000 -0.8035771 -1.064354 6 100.3468 103.1127 103.2266 
631281600 -1.159205 -1.549049 6 100.1476 103.0824 103.2189 
631285200 -1.503468 -2.016522 6 99.87842 103.0415 103.2085 
631288800 -1.677372 -2.255833 6 99.55941 102.9927 103.1962 
631292400 -1.688247 -2.257824 6 99.22568 102.9414 103.1832 
631296000 -1.594144 -2.123588 6 98.90039 102.8909 103.1704 
631299600 -1.370254 -1.812812 6 98.6142 102.845 103.1587 
631303200 -1.054382 -1.377724 6 98.38982 102.8071 103.1491 
631306800 -0.6135027 -0.7732034 6 98.24938 102.7816 103.1425 
631310400 -0.4624838 -0.5677481 6 98.15399 102.7634 103.1378 
631314000 -0.3949019 -0.4770613 6 98.0771 102.7481 103.1338 
631317600 -0.3529608 -0.4215896 6 98.01078 102.7344 103.1302 
631321200 -0.3199581 -0.3783408 6 97.9524 102.722 103.1269 
631324740 -0.290998 -0.3405741 6 97.90089 102.7106 103.1239 
631328400 -0.2590382 -0.2986648 6 97.85668 102.7005 103.1212 
631332000 -0.2385644 -0.2724051 6 97.81778 102.6911 103.1187 
631335600 -0.2173351 -0.2450204 6 97.78388 102.6825 103.1164 
631339200 -0.1971274 -0.2189575 6 97.75484 102.6747 103.1142 
631342800 -0.1784098 -0.1948619 6 97.73035 102.6676 103.1123 
631346400 -0.1612623 -0.1728439 6 97.71006 102.6612 103.1105 
631350000 -0.1550679 -0.1657392 6 97.69035 102.6553 103.1089 
631353600 -0.2226669 -0.2596164 6 97.66298 102.6485 103.107 
631357200 -0.3395929 -0.4205559 6 97.61583 102.639 103.1044 
631360800 -0.5382522 -0.692754 6 97.53487 102.6248 103.1007 
631364400 -0.8285088 -1.089368 6 97.40303 102.6033 103.0951 
631368000 -1.184053 -1.573987 6 97.20565 102.572 103.0871 
631371600 -1.52696 -2.039654 6 96.9386 102.53 103.0763 
631375200 -1.696979 -2.270622 6 96.62207 102.4802 103.0637 
631378800 -1.701847 -2.267768 6 96.292 102.4281 103.0504 
631382400 -1.609824 -2.136617 6 95.97037 102.3769 103.0374 
631386000 -1.389653 -1.8311 6 95.68671 102.3301 103.0254 
631389600 -1.07551 -1.398515 6 95.46381 102.2913 103.0155 
631393200 -0.6349183 -0.7945064 6 95.32441 102.2649 103.0086 
631396800 -0.4839499 -0.5891868 6 95.23003 102.2457 103.0036 
631400400 -0.4163167 -0.4984777 6 95.15414 102.2295 102.9993 
631404000 -0.3742923 -0.4429313 6 95.08883 102.2149 102.9954 
631407600 -0.3412011 -0.399596 6 95.03147 102.2015 102.9918 
631411140 -0.3121566 -0.3617446 6 94.981 102.1893 102.9885 
631414800 -0.280117 -0.3197543 6 94.93784 102.1782 102.9855 
631418400 -0.2595757 -0.2934265 6 94.90001 102.1679 102.9826 
631422000 -0.2382836 -0.2659779 6 94.86718 102.1584 102.98 
631425600 -0.2180191 -0.2398573 6 94.83923 102.1497 102.9776 
631429200 -0.1992506 -0.2157098 6 94.81583 102.1417 102.9753 
631432800 -0.1820574 -0.1936454 6 94.79664 102.1344 102.9733 
631436400 -0.1758266 -0.1865046 6 94.77816 102.1276 102.9713 
631440000 -0.2434293 -0.2803908 6 94.75212 102.1198 102.9691 
631443600 -0.3603742 -0.4413556 6 94.70647 102.1095 102.9663 
631447200 -0.5590824 -0.7136132 6 94.62722 102.0944 102.9623 
631450800 -0.8494161 -1.110319 6 94.49734 102.072 102.9564 
631454400 -1.205016 -1.594998 6 94.30213 102.0398 102.9481 
631458000 -1.546745 -2.059041 6 94.03747 101.9969 102.937 
631461600 -1.71068 -2.280897 6 93.72417 101.9464 102.9241 
631465200 -1.713431 -2.276032 6 93.39807 101.8937 102.9106 
631468800 -1.623523 -2.147867 6 93.08021 101.8418 102.8973 
631472400 -1.406873 -1.847252 6 92.79924 101.7943 102.8851 
631476000 -1.09451 -1.417169 6 92.57803 101.7547 102.8749 
631479600 -0.6543353 -0.8137929 6 92.43988 101.7275 102.8678 
631483200 -0.5035262 -0.6087167 6 92.34667 101.7074 102.8625 
631486800 -0.4359376 -0.5180822 6 92.27194 101.6903 102.8579 
631490400 -0.3939148 -0.462548 6 92.20777 101.6749 102.8537 
631494000 -0.360811 -0.4192035 6 92.15156 101.6607 102.8499 
631497540 -0.3317499 -0.3813368 6 92.10223 101.6476 102.8463 
631501200 -0.299691 -0.3393274 6 92.0602 101.6356 102.843 
631504800 -0.2791357 -0.3129862 6 92.0235 101.6245 102.8399 
631508400 -0.2578286 -0.2855226 6 91.99181 101.6142 102.837 
631512000 -0.2375499 -0.2593878 6 91.96499 101.6046 102.8343 
631515600 -0.2187682 -0.2352272 6 91.94271 101.5958 102.8318 
631519200 -0.2015629 -0.2131507 6 91.92466 101.5876 102.8294 
631522800 -0.1953251 -0.206004 6 91.90743 101.58 102.8272 
631526400 -0.2629555 -0.2999234 6 91.88271 101.5714 102.8247 
631530000 -0.3799421 -0.4609361 6 91.83856 101.5602 102.8216 
631533600 -0.5787228 -0.7332756 6 91.76103 101.5443 102.8173 
631537200 -0.8691617 -1.130099 6 91.63309 101.521 102.8111 
631540800 -1.224852 -1.61487 6 91.44003 101.488 102.8025 
631544400 -1.565356 -2.0772 6 91.17777 101.4442 102.7912 
631548000 -1.722595 -2.289896 6 90.86779 101.393 102.7781 
631551600 -1.724348 -2.283693 6 90.5457 101.3397 102.7644 
631555200 -1.636551 -2.158461 6 90.2316 101.2873 102.7509 
631558800 -1.423409 -1.862699 6 89.95335 101.239 102.7384 
631562400 -1.112907 -1.435205 6 89.73386 101.1986 102.7279 
631566000 -0.6732129 -0.8325307 6 89.597 101.1706 102.7206 
631569600 -0.5226037 -0.6277407 6 89.50501 101.1498 102.715 
631573200 -0.4550905 -0.5372131 6 89.43147 101.1318 102.7101 
631576800 -0.4130954 -0.4817178 6 89.36848 101.1155 102.7057 
631580400 -0.3800016 -0.4383874 6 89.31343 101.1005 102.7015 
631583940 -0.3509439 -0.4005258 6 89.26527 101.0865 102.6977 
631587600 -0.3188836 -0.3585157 6 89.2244 101.0738 102.6941 
631591200 -0.29833 -0.3321771 6 89.18885 101.0618 102.6907 
631594800 -0.2770217 -0.3047128 6 89.15832 101.0506 102.6876 
631598400 -0.2567411 -0.2785764 6 89.13264 101.0402 102.6846 
631602000 -0.2379571 -0.2544138 6 89.11152 101.0306 102.6818 
631605600 -0.220749 -0.2323349 6 89.0946 101.0216 102.6792 
631609200 -0.2145127 -0.2251907 6 89.07863 101.0131 102.6767 
631612800 -0.2821779 -0.3191507 6 89.05526 101.0036 102.6739 
631616400 -0.3992146 -0.4802191 6 89.01261 100.9916 102.6705 
631620000 -0.598079 -0.7526509 6 88.9368 100.9749 102.666 
631623600 -0.8886393 -1.149607 6 88.81079 100.9508 102.6595 
631627200 -1.24444 -1.634486 6 88.61989 100.9169 102.6507 
631630800 -1.590124 -2.10385 6 88.36125 100.8725 102.6391 
631634400 -1.734059 -2.298689 6 88.05431 100.8205 102.6257 
631638000 -1.735073 -2.291121 6 87.73627 100.7667 102.6118 
631641600 -1.649393 -2.168806 6 87.42597 100.7136 102.5981 
631645200 -1.439835 -1.877984 6 87.15049 100.6646 102.5854 
631648800 -1.131313 -1.453227 6 86.93279 100.6234 102.5747 
631652400 -0.6921565 -0.8513243 6 86.79727 100.5946 102.567 
631656000 -0.5417773 -0.6468554 6 86.70655 100.5729 102.5612 
631659600 -0.4743594 -0.5564562 6 86.63424 100.5541 102.556 
631663200 -0.4324072 -0.5010158 6 86.57247 100.5369 102.5513 
631666800 -0.3993363 -0.4577129 6 86.51864 100.521 102.5469 
631670340 -0.3702933 -0.419868 6 86.47169 100.5062 102.5428 
631674000 -0.3382414 -0.3778672 6 86.43202 100.4926 102.5389 
631677600 -0.3176979 -0.35154 6 86.39768 100.4798 102.5353 
631681200 -0.2963961 -0.3240827 6 86.36833 100.4677 102.5319 
631684800 -0.2761201 -0.2979515 6 86.34385 100.4565 102.5286 
631688400 -0.2573393 -0.2737926 6 86.3239 100.446 102.5255 
631692000 -0.2401332 -0.2517162 6 86.30817 100.4361 102.5226 
631695600 -0.2339026 -0.244579 6 86.29349 100.4267 102.5198 
631699200 -0.3016073 -0.3385841 6 86.2715 100.4164 102.5168 
631702800 -0.4187001 -0.4997141 6 86.23039 100.4035 102.5132 
631706400 -0.6176575 -0.7722471 6 86.15631 100.3859 102.5083 
631710000 -0.9083538 -1.169349 6 86.03228 100.361 102.5016 
631713600 -1.264281 -1.654348 6 85.84355 100.3262 102.4925 
631717200 -1.608203 -2.121235 6 85.58738 100.281 102.4807 
631720800 -1.74515 -2.306761 6 85.28398 100.2283 102.467 
631724400 -1.745829 -2.298466 6 84.97012 100.1738 102.4529 
631728000 -1.662325 -2.179123 6 84.66373 100.1201 102.439 
631731600 -1.456491 -1.893422 6 84.39114 100.0704 102.4261 
631735200 -1.150106 -1.471606 6 84.17531 100.0284 102.415 
631738800 -0.7115557 -0.870561 6 84.04122 99.99867 102.4071 
631742400 -0.5614394 -0.6664523 6 83.95185 99.97607 102.401 
631746000 -0.4941363 -0.5762035 6 83.88085 99.95637 102.3956 
631749600 -0.4522412 -0.5208331 6 83.82038 99.93834 102.3906 
631753200 -0.4192046 -0.4775696 6 83.76783 99.92155 102.3859 
631756740 -0.3901859 -0.4397513 6 83.72215 99.90584 102.3815 
631760400 -0.3581507 -0.3977685 6 83.68376 99.89129 102.3773 
631764000 -0.3376248 -0.3714602 6 83.65068 99.87757 102.3734 
631767600 -0.3163357 -0.3440165 6 83.6226 99.86464 102.3697 
631771200 -0.2960697 -0.317896 6 83.59937 99.85248 102.3661 
631774800 -0.2772967 -0.2937455 6 83.58068 99.84104 102.3628 
631778400 -0.2600963 -0.2716756 6 83.56619 99.83027 102.3596 
631782000 -0.2538746 -0.2645487 6 83.55286 99.81999 102.3565 
631785600 -0.321623 -0.3586034 6 83.53231 99.80879 102.3532 
631789200 -0.4387777 -0.5198008 6 83.49278 99.79498 102.3493 
631792800 -0.6378373 -0.7924437 6 83.42051 99.77648 102.3441 
631796400 -0.9286837 -1.189706 6 83.29849 99.7506 102.3372 
631800000 -1.284749 -1.674833 6 83.11199 99.7149 102.3277 
631803600 -1.626621 -2.138833 6 82.85835 99.66878 102.3156 
631807200 -1.756251 -2.314703 6 82.55868 99.61539 102.3018 
631810800 -1.756829 -2.305879 6 82.24916 99.56027 102.2874 
631814400 -1.675574 -2.189591 6 81.94683 99.50588 102.2733 
631818000 -1.473664 -1.909272 6 81.67727 99.45541 102.2601 
631821600 -1.169616 -1.490662 6 81.46343 99.41248 102.2488 
631825200 -0.7317495 -0.8905768 6 81.33086 99.38185 102.2406 
631828800 -0.5819312 -0.686872 6 81.24294 99.35831 102.2342 
631832400 -0.514762 -0.5967956 6 81.17335 99.33767 102.2285 
631836000 -0.4729367 -0.5415093 6 81.11427 99.31868 102.2232 
631839600 -0.4399443 -0.4982956 6 81.0631 99.30093 102.2182 
631843140 -0.4109583 -0.4605126 6 81.01879 99.28426 102.2135 
631846800 -0.3789465 -0.4185547 6 80.98176 99.26874 102.209 
631850400 -0.3584441 -0.3922716 6 80.95004 99.25406 102.2048 
631854000 -0.3371726 -0.3648465 6 80.92331 99.24017 102.2008 
631857600 -0.3169207 -0.338741 6 80.90142 99.22704 102.1969 
631861200 -0.2981589 -0.3146026 6 80.88406 99.21464 102.1933 
631864800 -0.2809669 -0.2925418 6 80.8709 99.2029 102.1898 
631868400 -0.2747565 -0.2854277 6 80.85902 99.19166 102.1864 
631872000 -0.3425526 -0.3795363 6 80.83998 99.17949 102.1828 
631875600 -0.459775 -0.5408069 6 80.80212 99.16471 102.1786 
631879200 -0.6589466 -0.8135697 6 80.73171 99.14524 102.1731 
631882800 -0.9499589 -1.211007 6 80.61178 99.11838 102.1659 
631886400 -1.306175 -1.69627 6 80.42758 99.08171 102.1561 
631890000 -1.645614 -2.156847 6 80.17657 99.03463 102.1437 
631893600 -1.767703 -2.322646 6 79.88084 98.98047 102.1296 
631897200 -1.768239 -2.313467 6 79.57587 98.92465 102.115 
631900800 -1.689328 -2.200346 6 79.2778 98.86953 102.1007 
631904400 -1.491597 -1.925748 6 79.01145 98.81822 102.0872 
631908000 -1.190134 -1.510676 6 78.79976 98.77435 102.0756 
631911600 -0.7530454 -0.9116759 6 78.66885 98.74272 102.0671 
631915200 -0.6035658 -0.7084263 6 78.58249 98.71816 102.0604 
631918800 -0.5365512 -0.618547 6 78.51443 98.6965 102.0543 
631922400 -0.494809 -0.5633593 6 78.45686 98.67648 102.0487 
631926000 -0.4618706 -0.5202059 6 78.40718 98.6577 102.0434 
631929540 -0.4329251 -0.4824665 6 78.36436 98.63999 102.0384 
631933200 -0.4009432 -0.4405403 6 78.32881 98.62343 102.0337 
631936800 -0.3804699 -0.4142882 6 78.29855 98.60771 102.0291 
631940400 -0.3592206 -0.3868865 6 78.27328 98.59277 102.0248 
631944000 -0.3389864 -0.3607998 6 78.25284 98.57861 102.0206 
631947600 -0.3202384 -0.3366763 6 78.23693 98.56516 102.0166 
631951200 -0.3030568 -0.3146269 6 78.22521 98.55237 102.0128 
631954800 -0.2968595 -0.3075276 6 78.21486 98.54008 102.0092 
631958400 -0.3647073 -0.4016944 6 78.19744 98.52687 102.0052 
631962000 -0.4820036 -0.5630445 6 78.16135 98.51104 102.0007 
631965600 -0.6812984 -0.8359383 6 78.09291 98.49052 101.9949 
631969200 -0.9724945 -1.233569 6 77.97516 98.46262 101.9873 
631972800 -1.328871 -1.718972 6 77.79335 98.42488 101.9772 
631976400 -1.665381 -2.175431 6 77.54508 98.37677 101.9646 
631980000 -1.779686 -2.330707 6 77.25357 98.32178 101.9502 
631983600 -1.780214 -2.321326 6 76.95342 98.26522 101.9353 
631987200 -1.703763 -2.21151 6 76.65985 98.2093 101.9207 
631990800 -1.510521 -1.943049 6 76.39694 98.15708 101.907 
631994400 -1.211948 -1.531925 6 76.18758 98.11217 101.8951 
631998000 -0.7757526 -0.9341631 6 76.0585 98.07946 101.8862 
632001600 -0.6266597 -0.7314303 6 75.97386 98.0538 101.8792 
632005200 -0.5598234 -0.6417764 6 75.90747 98.03102 101.8728 
632008800 -0.5181785 -0.5867035 6 75.85154 98.00987 101.8669 
632012400 -0.4853045 -0.5436215 6 75.8035 97.98997 101.8612 
632015940 -0.4564078 -0.5059344 6 75.7623 97.97113 101.8558 
632019600 -0.4244623 -0.4640466 6 75.72836 97.95344 101.8507 
632023200 -0.4040235 -0.4378313 6 75.69971 97.93658 101.8459 
632026800 -0.3828006 -0.4104574 6 75.67603 97.92051 101.8412 
632030400 -0.3625874 -0.3843929 6 75.65718 97.9052 101.8367 
632034000 -0.3438556 -0.3602869 6 75.64285 97.89061 101.8324 
632037600 -0.3266858 -0.3382505 6 75.63269 97.87668 101.8282 
632041200 -0.3205026 -0.3311673 6 75.62402 97.86325 101.8242 
632044800 -0.3884063 -0.425397 6 75.60834 97.8489 101.8199 
632048400 -0.5057834 -0.5868336 6 75.57414 97.83193 101.815 
632052000 -0.705214 -0.8598712 6 75.50777 97.81026 101.8089 
632055600 -0.9966147 -1.257716 6 75.39231 97.7812 101.801 
632059200 -1.353161 -1.743259 6 75.213 97.74231 101.7906 
632062800 -1.686096 -2.194699 6 74.96765 97.69307 101.7775 
632066400 -1.792238 -2.338967 6 74.68068 97.63719 101.7629 
632070000 -1.792903 -2.329539 6 74.38566 97.57981 101.7478 
632073600 -1.719051 -2.223196 6 74.0969 97.52302 101.7329 
632077200 -1.530668 -1.961368 6 73.83772 97.4698 101.7188 
632080800 -1.23536 -1.554696 6 73.63092 97.42377 101.7066 
632084400 -0.8001987 -0.9583609 6 73.50385 97.38987 101.6974 
632088000 -0.6515504 -0.7562195 6 73.4211 97.36299 101.69 
632091600 -0.5849199 -0.6668244 6 73.35656 97.33898 101.6832 
632095200 -0.5433885 -0.6118845 6 73.30245 97.3166 101.6769 
632098800 -0.5105901 -0.5688862 6 73.25621 97.29545 101.6709 
632102340 -0.4817509 -0.5312606 6 73.2168 97.27537 101.6652 
632106000 -0.4498482 -0.4894181 6 73.18464 97.25643 101.6597 
632109600 -0.4294495 -0.4632455 6 73.15775 97.23832 101.6545 
632113200 -0.4082571 -0.4359038 6 73.13583 97.22099 101.6494 
632116800 -0.3880677 -0.4098646 6 73.11873 97.20443 101.6445 
632120400 -0.3693539 -0.3857781 6 73.10613 97.18859 101.6399 
632124000 -0.3521968 -0.3637557 6 73.09771 97.17341 101.6353 
632127600 -0.3460283 -0.3566894 6 73.09085 97.15872 101.6309 
632131200 -0.4139919 -0.4509865 6 73.07706 97.14311 101.6263 
632134800 -0.5314572 -0.6125172 6 73.04489 97.12488 101.621 
632138400 -0.731038 -0.8857132 6 72.98074 97.10195 101.6145 
632142000 -1.022667 -1.283795 6 72.86771 97.07163 101.6062 
632145600 -1.379389 -1.769472 6 72.69104 97.03147 101.5954 
632149200 -1.707908 -2.214722 6 72.44881 96.98099 101.582 
632152800 -1.805537 -2.347525 6 72.16678 96.92413 101.567 
632156400 -1.806468 -2.33819 6 71.87727 96.86585 101.5517 
632160000 -1.735374 -2.235514 6 71.59369 96.8081 101.5365 
632163600 -1.552281 -1.980898 6 71.33858 96.75378 101.5221 
632167200 -1.260695 -1.579293 6 71.1346 96.7065 101.5095 
632170800 -0.8267428 -0.9846218 6 71.00978 96.67128 101.4999 
632174400 -0.6786092 -0.7831628 6 70.92914 96.64306 101.4921 
632178000 -0.6122168 -0.6940661 6 70.86665 96.61768 101.485 
632181600 -0.5708173 -0.6392803 6 70.81456 96.59393 101.4782 
632185200 -0.5381071 -0.5963793 6 70.77033 96.57141 101.4718 
632188740 -0.5093345 -0.558825 6 70.73291 96.54995 101.4657 
632192400 -0.4774815 -0.5170351 6 70.70272 96.52963 101.4598 
632196000 -0.4571285 -0.4909112 6 70.67779 96.51013 101.4542 
632199600 -0.4359703 -0.4636057 6 70.65782 96.49141 101.4487 
632203200 -0.415807 -0.4375946 6 70.64265 96.47346 101.4434 
632206800 -0.3971123 -0.4135288 6 70.63197 96.45623 101.4383 
632210400 -0.3799676 -0.3915206 6 70.62546 96.43965 101.4334 
632214000 -0.3738133 -0.384471 6 70.62061 96.42357 101.4286 
632217600 -0.4418408 -0.47884 6 70.60889 96.40657 101.4236 
632221200 -0.559402 -0.6404728 6 70.57892 96.38695 101.4179 
632224800 -0.7591495 -0.9138438 6 70.51716 96.36263 101.411 
632228400 -1.051035 -1.31219 6 70.40672 96.3309 101.4022 
632232000 -1.407932 -1.797984 6 70.23285 96.28932 101.391 
632235600 -1.73094 -2.235522 6 69.99398 96.23749 101.3772 
632239200 -1.819859 -2.356499 6 69.71738 96.17956 101.3619 
632242800 -1.821079 -2.347368 6 69.43384 96.12028 101.3463 
632246400 -1.752921 -2.248573 6 69.15588 96.06145 101.3307 
632250000 -1.575615 -2.001834 6 68.90524 96.00591 101.316 
632253600 -1.288309 -1.60605 6 68.70442 95.95725 101.303 
632257200 -0.8557843 -1.013337 6 68.58211 95.92057 101.293 
632260800 -0.7082513 -0.8126726 6 68.50384 95.89084 101.2847 
632264400 -0.6421355 -0.7239215 6 68.44365 95.86395 101.2771 
632268000 -0.6008888 -0.6693141 6 68.39382 95.83867 101.27 
632271600 -0.5682804 -0.6265255 6 68.35183 95.81461 101.2631 
632275140 -0.5395845 -0.5890533 6 68.31663 95.79161 101.2565 
632278800 -0.5077879 -0.5473233 6 68.28864 95.76975 101.2502 
632282400 -0.4874858 -0.5212538 6 68.2659 95.7487 101.2441 
632286000 -0.466365 -0.4939881 6 68.2481 95.72844 101.2382 
632289600 -0.4462293 -0.4680068 6 68.23509 95.70893 101.2325 
632293200 -0.4275535 -0.443962 6 68.22656 95.69015 101.2269 
632296800 -0.4104196 -0.4219666 6 68.22217 95.67202 101.2215 
632300400 -0.4042775 -0.4149321 6 68.21954 95.65439 101.2163 
632304000 -0.4723721 -0.5093771 6 68.21009 95.63583 101.2108 
632307600 -0.5900374 -0.6711205 6 68.18253 95.61466 101.2047 
632311200 -0.7899702 -0.9446849 6 68.12335 95.58878 101.1973 
632314800 -1.082144 -1.343327 6 68.01569 95.55549 101.1881 
632318400 -1.439202 -1.8292 6 67.84481 95.51234 101.1765 
632322000 -1.755285 -2.257062 6 67.60962 95.459 101.1622 
632325600 -1.835307 -2.365965 6 67.33903 95.3999 101.1466 
632329200 -1.836918 -2.35716 6 67.06199 95.33949 101.1306 
632332800 -1.771893 -2.262477 6 66.79019 95.27947 101.1147 
632336400 -1.600935 -2.024367 6 66.54451 95.22257 101.0995 
632340000 -1.31859 -1.635324 6 66.34724 95.17237 101.0861 
632343600 -0.8877687 -1.044942 6 66.22778 95.13404 101.0756 
632347200 -0.7409418 -0.8452102 6 66.15217 95.10263 101.0668 
632350800 -0.6751483 -0.7568618 6 66.09456 95.07404 101.0588 
632354400 -0.6340784 -0.7024608 6 66.04728 95.04705 101.0511 
632358000 -0.601587 -0.6598013 6 66.0078 95.02127 101.0438 
632361540 -0.5729779 -0.6224223 6 65.97509 94.99654 101.0367 
632365200 -0.5412441 -0.5807594 6 65.94958 94.97294 101.0299 
632368800 -0.5209975 -0.5547495 6 65.9293 94.95017 101.0233 
632372400 -0.499916 -0.527526 6 65.91393 94.92817 101.0169 
632376000 -0.4798078 -0.5015748 6 65.90333 94.90693 101.0106 
632379600 -0.4611488 -0.4775494 6 65.8972 94.8864 101.0046 
632383200 -0.4440219 -0.4555634 6 65.8952 94.86654 100.9987 
632386800 -0.4378875 -0.4485399 6 65.89502 94.84716 100.993 
632390400 -0.5060513 -0.5430636 6 65.8881 94.82687 100.987 
632394000 -0.6238286 -0.7049258 6 65.86317 94.80395 100.9803 
632397600 -0.8239673 -0.9787045 6 65.8068 94.77633 100.9725 
632401200 -1.116467 -1.377679 6 65.70215 94.74129 100.9628 
632404800 -1.47365 -1.863558 6 65.53449 94.69638 100.9506 
632408400 -1.780992 -2.279229 6 65.30337 94.64137 100.9359 
632412000 -1.852108 -2.376037 6 65.03946 94.58096 100.9199 
632415600 -1.854184 -2.367652 6 64.76956 94.5193 100.9035 
632419200 -1.792504 -2.277328 6 64.50455 94.45793 100.8872 
632422800 -1.624295 -2.042787 6 64.26389 94.39944 100.8716 
632426400 -1.350875 -1.665996 6 64.07099 94.34756 100.8576 
632430000 -0.9229028 -1.079515 6 63.95485 94.3074 100.8466 
632433600 -0.7771301 -0.8811877 6 63.88228 94.2741 100.8373 
632437200 -0.7117739 -0.7933946 6 63.82758 94.24359 100.8287 
632440800 -0.6709243 -0.7392553 6 63.78317 94.21467 100.8205 
632444400 -0.6385692 -0.6967485 6 63.74652 94.18696 100.8126 
632447940 -0.6100572 -0.6594746 6 63.71662 94.16029 100.805 
632451600 -0.5783907 -0.6178841 6 63.69389 94.13474 100.7976 
632455200 -0.5582014 -0.5919366 6 63.67636 94.11001 100.7905 
632458800 -0.5371581 -0.5647547 6 63.66373 94.08606 100.7835 
632462400 -0.5170736 -0.5388303 6 63.65585 94.06286 100.7767 
632466000 -0.4984253 -0.5148187 6 63.65241 94.04037 100.7701 
632469600 -0.4812973 -0.4928344 6 63.65308 94.01856 100.7637 
632473200 -0.4751619 -0.4858137 6 63.65564 93.99723 100.7574 
632476800 -0.5433939 -0.5804163 6 63.65151 93.97498 100.7508 
632480400 -0.6612897 -0.7424038 6 63.62949 93.95011 100.7436 
632484000 -0.8616563 -1.016419 6 63.5762 93.92053 100.7352 
632487600 -1.154523 -1.415766 6 63.47481 93.88352 100.725 
632491200 -1.511753 -1.901515 6 63.31063 93.83664 100.7122 
632494800 -1.809933 -2.304323 6 63.08499 93.77991 100.697 
632498400 -1.870474 -2.386815 6 62.8285 93.71805 100.6805 
632502000 -1.873075 -2.378928 6 62.56648 93.65497 100.6637 
632505600 -1.814962 -2.293213 6 62.30897 93.59211 100.647 
632509200 -1.654636 -2.069354 6 62.07457 93.53192 100.6309 
632512800 -1.387832 -1.701543 6 61.88621 93.4781 100.6164 
632516400 -0.9622965 -1.118388 6 61.77375 93.43586 100.6048 
632520000 -0.817506 -0.921358 6 61.70458 93.40043 100.5949 
632523600 -0.7525859 -0.834111 6 61.65319 93.36776 100.5857 
632527200 -0.7119686 -0.7802443 6 61.61202 93.33666 100.5769 
632530800 -0.6797614 -0.7379022 6 61.57858 93.30676 100.5684 
632534340 -0.6513545 -0.7007424 6 61.55185 93.2779 100.5601 
632538000 -0.6197587 -0.6592286 6 61.53227 93.25016 100.5521 
632541600 -0.5996276 -0.6333451 6 61.51785 93.22323 100.5443 
632545200 -0.5786192 -0.6062023 6 61.50831 93.19707 100.5368 
632548800 -0.5585518 -0.580299 6 61.50348 93.17167 100.5294 
632552400 -0.5399049 -0.5562925 6 61.50307 93.14699 100.5221 
632556000 -0.5227637 -0.5342984 6 61.50674 93.12297 100.5151 
632559600 -0.5166142 -0.527268 6 61.51237 93.09944 100.5081 
632563200 -0.5849104 -0.6219463 6 61.51134 93.07499 100.501 
632566800 -0.7029294 -0.7840642 6 61.49254 93.04792 100.4931 
632570400 -0.9035476 -1.058339 6 61.44261 93.01614 100.4841 
632574000 -1.196827 -1.458101 6 61.34477 92.97693 100.4733 
632577600 -1.553952 -1.943479 6 61.18438 92.92782 100.4599 
632581200 -1.837869 -2.326454 6 60.96388 92.86903 100.4441 
632584800 -1.890565 -2.39838 6 60.71538 92.80552 100.4271 
632588400 -1.893781 -2.391053 6 60.4621 92.74085 100.4098 
632592000 -1.839466 -2.310195 6 60.21296 92.67629 100.3926 
632595600 -1.687738 -2.097967 6 59.98564 92.61421 100.3759 
632599200 -1.428717 -1.740715 6 59.80248 92.55822 100.3608 
632602800 -1.006178 -1.161645 6 59.69422 92.51364 100.3486 
632606400 -0.8625705 -0.9661797 6 59.62894 92.4758 100.338 
632610000 -0.7981633 -0.8795777 6 59.5813 92.44069 100.3281 
632613600 -0.7578116 -0.8260247 6 59.54381 92.40715 100.3186 
632617200 -0.7257682 -0.7838666 6 59.514 92.37478 100.3094 
632620740 -0.6974731 -0.7468293 6 59.49086 92.34345 100.3004 
632624400 -0.6659474 -0.705393 6 59.47483 92.31323 100.2918 
632628000 -0.64587 -0.6795701 6 59.46393 92.28382 100.2833 
632631600 -0.6248872 -0.6524581 6 59.45786 92.25518 100.275 
632635200 -0.6048239 -0.6265635 6 59.45647 92.2273 100.2669 
632638800 -0.5861615 -0.6025459 6 59.45947 92.20013 100.259 
632642400 -0.5689869 -0.5805226 6 59.46652 92.17363 100.2512 
632646000 -0.5628018 -0.5734619 6 59.47558 92.14763 100.2436 
632649600 -0.6311516 -0.6682064 6 59.478 92.12071 100.2358 
632653200 -0.7492943 -0.830455 6 59.46275 92.09117 100.2272 
632656800 -0.9501872 -1.105011 6 59.41652 92.05692 100.2175 
632660400 -1.243929 -1.505233 6 59.32255 92.01522 100.206 
632664000 -1.600659 -1.989806 6 59.16629 91.96363 100.1919 
632667600 -1.867109 -2.348522 6 58.95168 91.90255 100.1754 
632671200 -1.912569 -2.41075 6 58.71268 91.83729 100.158 
632674800 -1.916519 -2.404107 6 58.46911 91.77083 100.1401 
632678400 -1.866219 -2.328325 6 58.22925 91.70438 100.1223 
632682000 -1.723786 -2.128654 6 58.00993 91.64019 100.1051 
632685600 -1.473913 -1.783809 6 57.83272 91.58177 100.0893 
632689200 -1.055079 -1.209793 6 57.72925 91.53456 100.0763 
632692800 -0.9128988 -1.016221 6 57.66836 91.49401 100.065 
632696400 -0.8490887 -0.9303763 6 57.62496 91.45615 100.0543 
632700000 -0.809032 -0.8771761 6 57.59161 91.41984 100.044 
632703600 -0.7771602 -0.8352137 6 57.5659 91.3847 100.0341 
632707140 -0.7489741 -0.7982981 6 57.54679 91.35058 100.0243 
632710800 -0.7175071 -0.7569294 6 57.53475 91.31758 100.0149 
632714400 -0.6974677 -0.7311529 6 57.52779 91.28538 100.0056 
632718000 -0.6764895 -0.7040516 6 57.52562 91.25395 99.99656 
632721600 -0.6564045 -0.6781409 6 57.52809 91.22328 99.98768 
632725200 -0.637697 -0.6540835 6 57.5349 91.19333 99.97899 
632728800 -0.6204556 -0.6319983 6 57.54571 91.16405 99.97046 
632732400 -0.6142005 -0.6248736 6 57.55858 91.13527 99.96205 
632736000 -0.6825822 -0.7196637 6 57.56483 91.10558 99.95341 
632739600 -0.8008405 -0.8820345 6 57.55349 91.07328 99.94411 
632743200 -1.002027 -1.156891 6 57.51129 91.03626 99.93363 
632746800 -1.296276 -1.55761 6 57.42154 90.99179 99.92128 
632750400 -1.652081 -2.040607 6 57.2698 90.93741 99.90644 
632754000 -1.896626 -2.370112 6 57.06199 90.87385 99.88929 
632757600 -1.936615 -2.423979 6 56.83359 90.80663 99.87122 
632761200 -1.941396 -2.4181 6 56.60077 90.73819 99.85284 
632764800 -1.895306 -2.347559 6 56.37129 90.66964 99.83442 
632768400 -1.762776 -2.161249 6 56.16099 90.60311 99.81651 
632772000 -1.523579 -1.83088 6 55.99059 90.54199 99.79994 
632775600 -1.109345 -1.263145 6 55.89257 90.49184 99.78613 
632779200 -0.968892 -1.071876 6 55.83664 90.44825 99.77395 
632782800 -0.9057749 -0.986918 6 55.79799 90.40733 99.76244 
632786400 -0.8660402 -0.9341096 6 55.7693 90.36792 99.7513 
632790000 -0.8343405 -0.892348 6 55.74816 90.32967 99.74046 
632793540 -0.8062503 -0.8555437 6 55.73357 90.29245 99.72986 
632797200 -0.7748188 -0.8142213 6 55.72598 90.25633 99.71954 
632800800 -0.7547892 -0.7884644 6 55.72342 90.22101 99.70942 
632804400 -0.7337809 -0.7613402 6 55.72558 90.18647 99.6995 
632808000 -0.7136342 -0.7353745 6 55.73234 90.15269 99.68975 
632811600 -0.6948368 -0.7112335 6 55.74338 90.11964 99.68019 
632815200 -0.6774797 -0.6890386 6 55.75837 90.08726 99.6708 
632818800 -0.6711042 -0.6818003 6 55.77543 90.0554 99.66153 
632822400 -0.7394825 -0.7766013 6 55.78588 90.02263 99.65203 
632826000 -0.8578371 -0.9390745 6 55.77881 89.98726 99.64188 
632829600 -1.059331 -1.214241 6 55.741 89.94717 99.63054 
632833200 -1.354124 -1.615481 6 55.6558 89.89962 99.61732 
632836800 -1.715734 -2.105983 6 55.51024 89.84236 99.60167 
632840400 -1.926459 -2.390978 6 55.30997 89.77606 99.58375 
632844000 -1.962783 -2.43807 6 55.09313 89.70668 99.56504 
632847600 -1.968432 -2.432992 6 54.87218 89.63605 99.54602 
632851200 -1.926704 -2.367794 6 54.65415 89.56519 99.52694 
632854800 -1.8045 -2.195394 6 54.45396 89.4961 99.50829 
632858400 -1.571875 -1.873712 6 54.2906 89.43188 99.49086 
632862000 -1.167463 -1.319557 6 54.19923 89.37858 99.47616 
632865600 -1.030232 -1.132647 6 54.14898 89.33166 99.46306 
632869200 -0.9682309 -1.049163 6 54.11565 89.28733 99.4506 
632872800 -0.9289267 -0.9969037 6 54.09212 89.24451 99.43852 
632876400 -0.8974097 -0.9553693 6 54.07604 89.20283 99.42672 
632879940 -0.8693921 -0.9186587 6 54.06643 89.16216 99.41517 
632883600 -0.8379559 -0.8773453 6 54.06375 89.1226 99.40389 
632887200 -0.8178885 -0.8515622 6 54.06602 89.08385 99.39282 
632890800 -0.7967949 -0.8243615 6 54.07294 89.04588 99.38193 
632894400 -0.7765259 -0.7982814 6 54.08439 89.00868 99.37124 
632898000 -0.757573 -0.7739922 6 54.10005 88.97221 99.36073 
632901600 -0.7400303 -0.7516184 6 54.1196 88.93644 99.35038 
632905200 -0.7334633 -0.7441963 6 54.14122 88.90119 99.34017 
632908800 -0.8017841 -0.8389547 6 54.15622 88.86505 99.32973 
632912400 -0.9202005 -1.001494 6 54.15374 88.82632 99.31864 
632916000 -1.122002 -1.276969 6 54.12064 88.78287 99.30636 
632919600 -1.417353 -1.678723 6 54.0403 88.73195 99.2922 
632923200 -1.780282 -2.17052 6 53.90106 88.67149 99.27565 
632926800 -1.957576 -2.410884 6 53.70985 88.60236 99.25692 
632930400 -1.990979 -2.452949 6 53.50556 88.53062 99.23753 
632934000 -1.997482 -2.448672 6 53.29751 88.45762 99.21781 
632937600 -1.960174 -2.388785 6 53.09203 88.38426 99.198 
632941200 -1.848448 -2.230485 6 52.90302 88.31241 99.17856 
632944800 -1.629963 -1.927978 6 52.74842 88.24503 99.16024 
632948400 -1.232308 -1.383094 6 52.66384 88.18821 99.14456 
632952000 -1.097511 -1.199468 6 52.61965 88.13763 99.13044 
632955600 -1.036386 -1.117142 6 52.59208 88.08961 99.11695 
632959200 -0.9974154 -1.065315 6 52.57416 88.04306 99.10383 
632962800 -0.9660168 -1.023939 6 52.56356 87.99765 99.091 
632966340 -0.9380105 -0.987261 6 52.55935 87.95325 99.07841 
632970000 -0.9065019 -0.9458901 6 52.56197 87.90997 99.0661 
632973600 -0.8863247 -0.9200104 6 52.56945 87.8675 99.05399 
632977200 -0.8650675 -0.8926559 6 52.5815 87.82582 99.04207 
632980800 -0.8445923 -0.8663785 6 52.59798 87.78492 99.03034 
632984400 -0.8253953 -0.8418536 6 52.61859 87.74478 99.0188 
632988000 -0.8075744 -0.8192092 6 52.64301 87.70534 99.00744 
632991600 -0.8007224 -0.8115106 6 52.66948 87.66645 98.99621 
632995200 -0.868911 -0.9061513 6 52.6893 87.62669 98.98475 
632998800 -0.9873357 -1.068702 6 52.69167 87.58435 98.97265 
633002400 -1.189431 -1.344465 6 52.66351 87.53731 98.95937 
633006000 -1.485305 -1.746664 6 52.58826 87.48279 98.9442 
633009600 -1.840423 -2.227278 6 52.45479 87.41877 98.92665 
633013200 -1.989939 -2.430239 6 52.27417 87.34676 98.90709 
633016800 -2.020837 -2.468401 6 52.08325 87.27252 98.88696 
633020400 -2.028174 -2.464919 6 51.88902 87.19701 98.86651 
633024000 -1.995251 -2.41019 6 51.69701 87.12102 98.84593 
633027600 -1.893802 -2.26571 6 51.52011 87.04628 98.82565 
633031200 -1.690678 -1.984051 6 51.37516 86.97556 98.80638 
633034800 -1.301207 -1.45042 6 51.29798 86.91503 98.78966 
633038400 -1.1693 -1.270726 6 51.26029 86.86058 98.77446 
633042000 -1.109144 -1.189709 6 51.23885 86.80862 98.75988 
633045600 -1.070484 -1.13831 6 51.22687 86.75813 98.74566 
633049200 -1.039141 -1.097037 6 51.22208 86.70877 98.73172 
633052740 -1.011066 -1.060315 6 51.22355 86.66043 98.71803 
633056400 -0.9793925 -1.018796 6 51.23174 86.61321 98.70461 
633060000 -0.9590082 -0.9927242 6 51.24468 86.56682 98.6914 
633063600 -0.9374843 -0.9651139 6 51.26209 86.52123 98.67839 
633067200 -0.9166952 -0.9385326 6 51.28382 86.47645 98.66558 
633070800 -0.8971428 -0.9136615 6 51.30959 86.43244 98.65296 
633074400 -0.8789296 -0.890633 6 51.33906 86.38916 98.64051 
633078000 -0.871679 -0.8825444 6 51.37055 86.34646 98.62821 
633081600 -0.9396408 -0.9769719 6 51.39533 86.30292 98.61569 
633085200 -1.058002 -1.139458 6 51.40268 86.25682 98.60253 
633088800 -1.260356 -1.415468 6 51.37955 86.20603 98.58818 
633092400 -1.556643 -1.817943 6 51.3095 86.14776 98.57196 
633096000 -1.89952 -2.281287 6 51.18218 86.08009 98.55337 
633099600 -2.023203 -2.449254 6 51.01307 86.0052 98.53297 
633103200 -2.051812 -2.484162 6 50.83603 85.92838 98.51207 
633106800 -2.059858 -2.481401 6 50.65616 85.8503 98.49086 
633110400 -2.031134 -2.431499 6 50.47827 85.77163 98.46948 
633114000 -1.939388 -2.300073 6 50.31412 85.69394 98.44835 
633117600 -1.752214 -2.040089 6 50.17949 85.61986 98.42812 
633121200 -1.365008 -1.509552 6 50.10916 85.55536 98.41028 
633124800 -1.241726 -1.341767 6 50.0789 85.49704 98.39398 
633128400 -1.184108 -1.264248 6 50.06396 85.44109 98.37827 
633132000 -1.146137 -1.213834 6 50.05811 85.38656 98.36292 
633135600 -1.114883 -1.172751 6 50.05926 85.33316 98.34784 
633139140 -1.086671 -1.135932 6 50.06652 85.28078 98.33302 
633142800 -1.05473 -1.094169 6 50.08036 85.22955 98.31847 
633146400 -1.034025 -1.067793 6 50.09883 85.17916 98.30413 
633150000 -1.012115 -1.039808 6 50.12164 85.1296 98.29 
633153600 -0.9908898 -1.012802 6 50.14866 85.08088 98.27607 
633157200 -0.9708583 -0.9874609 6 50.17959 85.03295 98.26234 
633160800 -0.9521281 -0.9639239 6 50.21411 84.9858 98.24879 
633164400 -0.944356 -0.9553223 6 50.25058 84.93926 98.2354 
633168000 -1.011987 -1.04943 6 50.28028 84.89191 98.22179 
633171600 -1.130203 -1.211766 6 50.29253 84.84203 98.20755 
633175200 -1.332761 -1.48796 6 50.27437 84.78748 98.19214 
633178800 -1.629232 -1.890388 6 50.20944 84.72546 98.17484 
633182400 -1.954786 -2.329514 6 50.08858 84.65419 98.15522 
633186000 -2.056627 -2.46763 6 49.93085 84.57643 98.13396 
633189600 -2.083068 -2.499844 6 49.76768 84.49705 98.11229 
633193200 -2.091527 -2.497657 6 49.60227 84.41644 98.09031 
633196800 -2.066675 -2.452055 6 49.43869 84.33517 98.06815 
633200400 -1.985206 -2.33471 6 49.2877 84.25468 98.04618 
633204000 -1.812506 -2.094184 6 49.16362 84.17732 98.02499 
633207600 -1.430651 -1.571048 6 49.10058 84.10899 98.00605 
633211200 -1.314963 -1.413773 6 49.07754 84.04684 97.98866 
633214800 -1.259511 -1.339284 6 49.06898 83.98694 97.97183 
633218400 -1.222041 -1.289641 6 49.06914 83.92845 97.95534 
633222000 -1.190741 -1.248604 6 49.07609 83.87108 97.93913 
633225540 -1.162268 -1.211564 6 49.08899 83.81476 97.92317 
633229200 -1.129938 -1.169435 6 49.10832 83.7596 97.9075 
633232800 -1.108793 -1.142635 6 49.13213 83.70532 97.89205 
633236400 -1.086378 -1.114158 6 49.16015 83.6519 97.87681 
633240000 -1.064598 -1.086607 6 49.19224 83.59935 97.86178 
633243600 -1.04397 -1.060679 6 49.22812 83.54764 97.84695 
633247200 -1.024607 -1.036517 6 49.26746 83.49674 97.83232 
633250800 -1.016201 -1.027289 6 49.30867 83.44649 97.81786 
633254400 -1.083403 -1.120976 6 49.34303 83.39548 97.80319 
633258000 -1.201394 -1.283078 6 49.35991 83.34197 97.7879 
633261600 -1.404092 -1.55938 6 49.34642 83.28382 97.77143 
633265200 -1.700364 -1.961237 6 49.28632 83.21822 97.75309 
633268800 -2.00415 -2.370111 6 49.17207 83.14359 97.73248 
633272400 -2.089367 -2.485282 6 49.02598 83.06322 97.71042 
633276000 -2.113599 -2.515001 6 48.87608 82.98142 97.688 
633279600 -2.122225 -2.513245 6 48.72457 82.89845 97.66527 
633283200 -2.100086 -2.47111 6 48.57489 82.81477 97.64236 
633286800 -2.026757 -2.364055 6 48.43639 82.73163 97.61958 
633290400 -1.868804 -2.143637 6 48.32281 82.65128 97.59748 
633294000 -1.499061 -1.637288 6 48.26763 82.57951 97.57754 
633297600 -1.387179 -1.485316 6 48.25094 82.51371 97.55908 
633301200 -1.332744 -1.412321 6 48.2482 82.45011 97.54116 
633304800 -1.295371 -1.362935 6 48.25392 82.3879 97.52359 
633308400 -1.263831 -1.321721 6 48.26623 82.32684 97.5063 
633311940 -1.234966 -1.28432 6 48.28433 82.26685 97.48927 
633315600 -1.202135 -1.24171 6 48.3087 82.20805 97.47253 
633319200 -1.180445 -1.214381 6 48.33741 82.15017 97.45602 
633322800 -1.157426 -1.185311 6 48.37018 82.09318 97.43972 
633326400 -1.134997 -1.157121 6 48.40689 82.0371 97.42365 
633330000 -1.113683 -1.130515 6 48.44725 81.98191 97.40779 
633333600 -1.093602 -1.105643 6 48.49094 81.92757 97.39215 
633337200 -1.084482 -1.095708 6 48.53641 81.87394 97.37667 
633340800 -1.151183 -1.188898 6 48.57494 81.81958 97.36101 
633344400 -1.268888 -1.350699 6 48.59596 81.76278 97.34472 
633348000 -1.471657 -1.627029 6 48.58664 81.70136 97.32728 
633351600 -1.767181 -2.027572 6 48.5309 81.63251 97.30796 
633355200 -2.046718 -2.402886 6 48.42315 81.55495 97.28645 
633358800 -2.12049 -2.501658 6 48.28725 81.47219 97.26363 
633362400 -2.142505 -2.529253 6 48.14937 81.38823 97.2405 
633366000 -2.151 -2.527748 6 48.01061 81.30318 97.21709 
633369600 -2.131001 -2.488465 6 47.87374 81.2174 97.19348 
633373200 -2.064525 -2.390021 6 47.74689 81.13196 97.16996 
633376800 -1.919516 -2.187308 6 47.64316 81.04901 97.14705 
633380400 -1.558489 -1.693106 6 47.59481 80.97416 97.12616 
633384000 -1.45307 -1.550136 6 47.58418 80.90519 97.10673 
633387600 -1.400343 -1.479617 6 47.58673 80.83832 97.08783 
633391200 -1.363207 -1.430713 6 47.59738 80.77284 97.06927 
633394800 -1.331416 -1.389334 6 47.61442 80.70853 97.05099 
633398340 -1.302109 -1.351528 6 47.63707 80.64532 97.03298 
633402000 -1.26872 -1.308384 6 47.66585 80.58333 97.01527 
633405600 -1.24643 -1.28047 6 47.69881 80.52229 96.99779 
633409200 -1.222756 -1.250756 6 47.73569 80.4622 96.98054 
633412800 -1.199634 -1.221882 6 47.77638 80.40305 96.96353 
633416400 -1.177595 -1.194558 6 47.82059 80.34484 96.94674 
633420000 -1.156764 -1.168942 6 47.868 80.28754 96.93017 
633423600 -1.146902 -1.15827 6 47.9171 80.23098 96.91378 
633427200 -1.213075 -1.250931 6 47.95918 80.17375 96.89722 
633430800 -1.330464 -1.4124 6 47.9837 80.11412 96.88005 
633434400 -1.533247 -1.688686 6 47.9779 80.04991 96.86172 
633438000 -1.82736 -2.087029 6 47.92591 79.9783 96.84154 
633441600 -2.082604 -2.428822 6 47.82428 79.89831 96.81924 
633445200 -2.149217 -2.516637 6 47.6978 79.81363 96.79575 
633448800 -2.16899 -2.542266 6 47.57024 79.72785 96.77198 
633452400 -2.177082 -2.540839 6 47.44259 79.64108 96.74796 
633456000 -2.158658 -2.50381 6 47.31698 79.5536 96.72374 
633459600 -2.097732 -2.412335 6 47.20044 79.46631 96.69957 
633463200 -1.963563 -2.224499 6 47.10547 79.38127 96.67594 
633466800 -1.614382 -1.746797 6 47.06358 79.30396 96.65425 
633470400 -1.512704 -1.609085 6 47.05786 79.23231 96.63397 
633474000 -1.460897 -1.539979 6 47.06477 79.16273 96.61419 
633477600 -1.423754 -1.491235 6 47.07953 79.09454 96.59476 
633481200 -1.391628 -1.449585 6 47.10049 79.02754 96.57562 
633484740 -1.361843 -1.411332 6 47.1269 78.96166 96.55675 
633488400 -1.327881 -1.367636 6 47.1593 78.89705 96.53819 
633492000 -1.304985 -1.339129 6 47.19575 78.83343 96.51987 
633495600 -1.280661 -1.308774 6 47.23599 78.77079 96.50179 
633499200 -1.256856 -1.279224 6 47.27991 78.70914 96.48396 
633502800 -1.234109 -1.2512 6 47.32723 78.64848 96.46636 
633506400 -1.21255 -1.224861 6 47.37764 78.58877 96.44899 
633510000 -1.201974 -1.213478 6 47.42965 78.52985 96.43181 
633513600 -1.267636 -1.305625 6 47.47455 78.47031 96.41447 
633517200 -1.384718 -1.466767 6 47.50187 78.40841 96.39654 
633520800 -1.587474 -1.742957 6 47.49888 78.34195 96.37745 
633524400 -1.886133 -2.147145 6 47.45097 78.26831 96.35655 
633528000 -2.1126 -2.449526 6 47.35443 78.18643 96.33357 
633531600 -2.175102 -2.52996 6 47.23593 78.10029 96.30952 
633535200 -2.192656 -2.553886 6 47.1167 78.01309 96.28519 
633538800 -2.200074 -2.552363 6 46.99827 77.92503 96.26064 
633542400 -2.1827 -2.517039 6 46.8821 77.83628 96.2359 
633546000 -2.126112 -2.431049 6 46.77433 77.74763 96.21118 
633549600 -2.00071 -2.255291 6 46.6868 77.66102 96.18696 
633553200 -1.662303 -1.792623 6 46.65036 77.58186 96.16459 
633556800 -1.564126 -1.659842 6 46.64863 77.50814 96.14358 
633560400 -1.513183 -1.592071 6 46.65904 77.43645 96.12307 
633564000 -1.476031 -1.54348 6 46.67704 77.36616 96.1029 
633567600 -1.443586 -1.501576 6 46.70108 77.29709 96.08303 
633571140 -1.413353 -1.462906 6 46.73043 77.22917 96.06344 
633574800 -1.37886 -1.418698 6 46.76565 77.16255 96.04416 
633578400 -1.355404 -1.389643 6 46.80479 77.09695 96.02513 
633582000 -1.330482 -1.358699 6 46.84761 77.03237 96.00635 
633585600 -1.306054 -1.328533 6 46.89401 76.96884 95.98782 
633589200 -1.282665 -1.299872 6 46.9437 76.90631 95.96954 
633592800 -1.260451 -1.272881 6 46.99638 76.84479 95.9515 
633596400 -1.249232 -1.260857 6 47.05058 76.7841 95.93366 
633600000 -1.31444 -1.352545 6 47.0976 76.72284 95.91567 
633603600 -1.431254 -1.513398 6 47.12701 76.65925 95.89709 
633607200 -1.633964 -1.789463 6 47.12613 76.59114 95.87737 
633610800 -1.934527 -2.195924 6 47.08138 76.516 95.85587 
633614400 -2.137152 -2.465706 6 46.98931 76.43283 95.83235 
633618000 -2.197789 -2.541342 6 46.8775 76.34575 95.80784 
633621600 -2.213398 -2.564082 6 46.76467 76.25754 95.78303 
633625200 -2.219964 -2.562336 6 46.65358 76.1686 95.75803 
633628800 -2.203211 -2.528265 6 46.54504 76.07903 95.73286 
633632400 -2.14994 -2.446535 6 46.44443 75.98949 95.70769 
633636000 -2.031498 -2.280396 6 46.36301 75.90184 95.68298 
633639600 -1.702551 -1.830948 6 46.33097 75.82139 95.66006 
633643200 -1.607544 -1.702633 6 46.33235 75.74621 95.63845 
633646800 -1.557405 -1.6361 6 46.34542 75.67302 95.61733 
633650400 -1.520266 -1.587675 6 46.36586 75.60124 95.59655 
633654000 -1.487554 -1.545564 6 46.39219 75.53069 95.57607 
633657540 -1.456938 -1.50654 6 46.42372 75.46132 95.55588 
633661200 -1.421987 -1.461894 6 46.46101 75.39328 95.53601 
633664800 -1.398049 -1.432369 6 46.50211 75.32629 95.5164 
633668400 -1.372615 -1.400919 6 46.5468 75.26036 95.49704 
633672000 -1.347654 -1.370226 6 46.59497 75.19551 95.47795 
633675600 -1.323718 -1.341022 6 46.64635 75.1317 95.4591 
633679200 -1.300945 -1.313476 6 46.70064 75.06893 95.44051 
633682800 -1.289182 -1.300909 6 46.75638 75.00704 95.42213 
633686400 -1.354014 -1.392215 6 46.80489 74.9446 95.4036 
633690000 -1.470616 -1.552834 6 46.83575 74.87987 95.38449 
633693600 -1.673277 -1.828768 6 46.83635 74.81065 95.36424 
633697200 -1.970222 -2.230073 6 46.79337 74.73445 95.34223 
633700800 -2.157239 -2.478447 6 46.70524 74.65056 95.31829 
633704400 -2.215288 -2.550269 6 46.59904 74.56301 95.29341 
633708000 -2.23136 -2.572932 6 46.49099 74.47419 95.2682 
633711600 -2.237021 -2.570902 6 46.3856 74.38478 95.24283 
633715200 -2.22059 -2.537746 6 46.28309 74.29479 95.2173 
633718800 -2.169826 -2.459308 6 46.18822 74.20481 95.19177 
633722400 -2.056911 -2.300829 6 46.11169 74.1166 95.16666 
633726000 -1.73613 -1.862794 6 46.08311 74.03537 95.14329 
633729600 -1.643941 -1.738445 6 46.08681 73.95926 95.12119 
633733200 -1.594553 -1.673055 6 46.10181 73.88512 95.09958 
633736800 -1.557464 -1.62482 6 46.12399 73.81239 95.07831 
633740400 -1.524552 -1.582567 6 46.15194 73.74091 95.05733 
633743940 -1.493631 -1.543267 6 46.18498 73.67063 95.03665 
633747600 -1.458312 -1.498271 6 46.22369 73.60169 95.0163 
633751200 -1.433985 -1.468366 6 46.26613 73.53385 94.99621 
633754800 -1.408134 -1.436508 6 46.31208 73.46709 94.97638 
633758400 -1.382741 -1.405388 6 46.36143 73.40143 94.95681 
633762000 -1.35836 -1.375742 6 46.41392 73.33685 94.93751 
633765600 -1.335134 -1.347746 6 46.46926 73.27334 94.91847 
633769200 -1.322931 -1.33474 6 46.52598 73.21073 94.89964 
633772800 -1.387471 -1.425747 6 46.57543 73.14761 94.88067 
633776400 -1.503923 -1.586196 6 46.60721 73.08222 94.86112 
633780000 -1.706543 -1.862003 6 46.60876 73.01237 94.84045 
633783600 -1.999695 -2.257934 6 46.56701 72.93559 94.81802 
633787200 -2.17394 -2.488806 6 46.48207 72.85142 94.79373 
633790800 -2.229833 -2.557714 6 46.38034 72.76379 94.76856 
633794400 -2.246896 -2.580604 6 46.27604 72.67478 94.74303 
633798000 -2.251695 -2.578289 6 46.17499 72.58526 94.71735 
633801600 -2.235384 -2.545802 6 46.07716 72.49522 94.69153 
633805200 -2.186538 -2.469952 6 45.98682 72.40518 94.6657 
633808800 -2.078059 -2.31763 6 45.91414 72.31682 94.64027 
633812400 -1.764311 -1.889424 6 45.8882 72.23527 94.61654 
633816000 -1.674624 -1.768585 6 45.89357 72.1587 94.59404 
633819600 -1.625946 -1.704255 6 45.9099 72.08408 94.57202 
633823200 -1.58895 -1.656241 6 45.93323 72.01086 94.55034 
633826800 -1.555909 -1.613913 6 45.96223 71.93891 94.52897 
633830340 -1.524766 -1.574419 6 45.99624 71.86818 94.50788 
633834000 -1.489168 -1.529162 6 46.03584 71.79881 94.48713 
633837600 -1.464541 -1.498968 6 46.0791 71.73056 94.46664 
633841200 -1.438369 -1.466794 6 46.12581 71.66341 94.44642 
633844800 -1.412639 -1.435342 6 46.17585 71.59738 94.42648 
633848400 -1.387911 -1.405354 6 46.22898 71.53247 94.40679 
633852000 -1.364332 -1.377007 6 46.28489 71.46864 94.38737 
633855600 -1.351786 -1.363659 6 46.34216 71.40574 94.36817 
633859200 -1.416114 -1.454447 6 46.3921 71.34236 94.34884 
633862800 -1.532476 -1.614787 6 46.42437 71.27673 94.32894 
633866400 -1.73507 -1.890479 6 46.42642 71.20665 94.3079 
633870000 -2.024376 -2.280981 6 46.38548 71.12969 94.28513 
633873600 -2.188101 -2.497446 6 46.30306 71.04562 94.26056 
633877200 -2.242335 -2.564114 6 46.20488 70.95825 94.23515 
633880800 -2.260332 -2.58725 6 46.10362 70.86942 94.20935 
633884400 -2.264439 -2.584719 6 46.00589 70.78012 94.18343 
633888000 -2.248158 -2.55275 6 45.91174 70.69035 94.15737 
633891600 -2.200837 -2.478998 6 45.82495 70.60058 94.13129 
633895200 -2.09601 -2.331745 6 45.7553 70.51242 94.1056 
633898800 -1.788403 -1.912112 6 45.73134 70.43092 94.08157 
633902400 -1.700965 -1.794415 6 45.73785 70.35429 94.05874 
633906000 -1.652971 -1.731086 6 45.75501 70.27958 94.03638 
633909600 -1.616112 -1.683328 6 45.77904 70.20627 94.01436 
633913200 -1.58301 -1.64099 6 45.80864 70.13424 93.99265 
633916740 -1.551721 -1.601376 6 45.84318 70.06344 93.97123 
633920400 -1.515926 -1.555939 6 45.88324 69.99403 93.95014 
633924000 -1.491083 -1.525538 6 45.92691 69.92574 93.92932 
633927600 -1.464673 -1.493134 6 45.97397 69.85858 93.90877 
633931200 -1.438693 -1.461436 6 46.02431 69.79256 93.8885 
633934800 -1.413704 -1.43119 6 46.0777 69.72766 93.8685 
633938400 -1.389858 -1.402578 6 46.13382 69.66388 93.84876 
633942000 -1.377054 -1.388974 6 46.19125 69.60105 93.82925 
633945600 -1.44124 -1.479613 6 46.24133 69.53775 93.8096 
633949200 -1.557564 -1.639898 6 46.27373 69.47223 93.78939 
633952800 -1.760146 -1.915488 6 46.27595 69.40226 93.76805 
633956400 -2.045589 -2.30055 6 46.23546 69.32548 93.74499 
633960000 -2.200461 -2.504892 6 46.15504 69.24181 93.72019 
633963600 -2.253368 -2.569764 6 46.05969 69.15498 93.69457 
633967200 -2.272101 -2.593083 6 45.96098 69.06665 93.66856 
633970800 -2.275677 -2.590408 6 45.86588 68.97786 93.64242 
633974400 -2.259454 -2.558892 6 45.77464 68.88865 93.61616 
633978000 -2.213423 -2.486918 6 45.6907 68.79944 93.58988 
633981600 -2.111708 -2.34398 6 45.62343 68.71178 93.56397 
633985200 -1.809601 -1.932011 6 45.60096 68.63065 93.53968 
633988800 -1.724237 -1.817196 6 45.60819 68.55429 93.51657 
633992400 -1.67692 -1.754836 6 45.62581 68.47982 93.49392 
633996000 -1.640245 -1.707373 6 45.65016 68.40676 93.4716 
633999600 -1.607142 -1.665085 6 45.68 68.33497 93.44959 
634003140 -1.575774 -1.625418 6 45.71471 68.26443 93.42788 
634006800 -1.539853 -1.579873 6 45.7549 68.19529 93.4065 
634010400 -1.514864 -1.549334 6 45.79865 68.12728 93.3854 
634014000 -1.488288 -1.516771 6 45.84573 68.06042 93.36457 
634017600 -1.462129 -1.484898 6 45.89607 67.99471 93.34401 
634021200 -1.436952 -1.454468 6 45.9494 67.93015 93.32372 
634024800 -1.41291 -1.425663 6 46.00543 67.86671 93.3037 
634028400 -1.399919 -1.411872 6 46.06274 67.80424 93.28392 
634032000 -1.464021 -1.502421 6 46.11268 67.74132 93.264 
634035600 -1.580354 -1.662698 6 46.14492 67.67619 93.24352 
634039200 -1.782934 -1.938194 6 46.14701 67.60664 93.22191 
634042800 -2.064457 -2.317742 6 46.10671 67.53031 93.19859 
634046400 -2.211645 -2.511563 6 46.0279 67.44732 93.17358 
634050000 -2.263441 -2.574927 6 45.93485 67.36128 93.14779 
634053600 -2.282632 -2.598312 6 45.83834 67.27373 93.1216 
634057200 -2.285868 -2.595581 6 45.74542 67.18571 93.09527 
634060800 -2.269761 -2.564495 6 45.65659 67.09732 93.06883 
634064400 -2.224898 -2.494105 6 45.57497 67.00892 93.04237 
634068000 -2.125946 -2.354988 6 45.50962 66.92203 93.01626 
634071600 -1.828932 -1.950103 6 45.48825 66.84155 92.99175 
634075200 -1.745542 -1.838015 6 45.49589 66.76574 92.96839 
634078800 -1.698916 -1.776622 6 45.51365 66.69179 92.94548 
634082400 -1.662469 -1.729496 6 45.53803 66.61925 92.9229 
634086000 -1.629422 -1.687313 6 45.56783 66.54799 92.90062 
634089540 -1.598033 -1.647652 6 45.60245 66.47799 92.87865 
634093200 -1.562046 -1.602059 6 45.64249 66.40938 92.85701 
634096800 -1.536969 -1.571443 6 45.68605 66.34193 92.83564 
634100400 -1.510287 -1.53878 6 45.7329 66.27563 92.81455 
634104000 -1.484008 -1.506792 6 45.78297 66.2105 92.79373 
634107600 -1.458701 -1.476235 6 45.836 66.14653 92.77319 
634111200 -1.434522 -1.447296 6 45.8917 66.0837 92.75291 
634114800 -1.421399 -1.433375 6 45.94865 66.02185 92.73287 
634118400 -1.485466 -1.523884 6 45.9982 65.95956 92.71271 
634122000 -1.601847 -1.684192 6 46.03006 65.89508 92.69197 
634125600 -1.804433 -1.959592 6 46.03179 65.82618 92.67012 
634129200 -2.081886 -2.333428 6 45.99145 65.75055 92.64656 
634132800 -2.222167 -2.517787 6 45.91397 65.66848 92.62136 
634136400 -2.272993 -2.579829 6 45.82286 65.58347 92.5954 
634140000 -2.292378 -2.603169 6 45.72827 65.49693 92.56904 
634143600 -2.295426 -2.600442 6 45.63729 65.40995 92.54255 
634147200 -2.279486 -2.569782 6 45.55055 65.32261 92.51595 
634150800 -2.235767 -2.500884 6 45.47091 65.23527 92.48932 
634154400 -2.139369 -2.365291 6 45.40715 65.14937 92.46304 
634158000 -1.847246 -1.967191 6 45.38659 65.06978 92.43831 
634161600 -1.765801 -1.857774 6 45.39438 64.99477 92.41471 
634165200 -1.719898 -1.797377 6 45.41206 64.9216 92.39156 
634168800 -1.683729 -1.750639 6 45.43623 64.84983 92.36873 
634172400 -1.650789 -1.708614 6 45.46576 64.77934 92.34621 
634175940 -1.619431 -1.669013 6 45.50005 64.71011 92.32399 
634179600 -1.58343 -1.623425 6 45.53972 64.64229 92.3021 
634183200 -1.558315 -1.592782 6 45.58287 64.57563 92.28048 
634186800 -1.531575 -1.560068 6 45.62928 64.51013 92.25913 
634190400 -1.505224 -1.528014 6 45.67887 64.44582 92.23807 
634194000 -1.479835 -1.497379 6 45.73138 64.38267 92.21728 
634197600 -1.455565 -1.468352 6 45.78653 64.32067 92.19676 
634201200 -1.442357 -1.454346 6 45.84292 64.25967 92.17647 
634204800 -1.50643 -1.544856 6 45.89189 64.19824 92.15606 
634208400 -1.622893 -1.705229 6 45.92316 64.13463 92.13509 
634212000 -1.825481 -1.980521 6 45.92434 64.06661 92.11299 
634215600 -2.098591 -2.348269 6 45.88379 63.99192 92.0892 
634219200 -2.232448 -2.523825 6 45.80744 63.911 92.06382 
634222800 -2.282392 -2.58466 6 45.71803 63.82722 92.0377 
634226400 -2.301718 -2.607844 6 45.62521 63.74193 92.01119 
634230000 -2.304703 -2.605167 6 45.53606 63.65621 91.98454 
634233600 -2.28899 -2.57495 6 45.45123 63.57017 91.95778 
634237200 -2.246431 -2.507499 6 45.37338 63.48411 91.93099 
634240800 -2.154128 -2.377735 6 45.31126 63.39951 91.90455 
634244400 -1.86552 -1.984328 6 45.29118 63.32103 91.87962 
634248000 -1.785818 -1.877295 6 45.2989 63.24704 91.85579 
634251600 -1.740633 -1.817869 6 45.31629 63.17488 91.83239 
634255200 -1.704779 -1.771555 6 45.34007 63.1041 91.80932 
634258800 -1.671993 -1.729738 6 45.36912 63.03461 91.78656 
634262340 -1.640715 -1.690246 6 45.4029 62.96638 91.76409 
634266000 -1.604746 -1.644712 6 45.44201 62.89957 91.74195 
634269600 -1.579637 -1.614087 6 45.48455 62.83393 91.72008 
634273200 -1.552882 -1.581366 6 45.53033 62.76946 91.69849 
634276800 -1.526501 -1.549288 6 45.57925 62.70618 91.67718 
634280400 -1.50107 -1.518615 6 45.63107 62.64407 91.65614 
634284000 -1.476749 -1.48954 6 45.6855 62.58313 91.63538 
634287600 -1.463493 -1.475487 6 45.74113 62.5232 91.61485 
634291200 -1.527608 -1.566036 6 45.78934 62.46284 91.59419 
634294800 -1.644186 -1.726505 6 45.81984 62.40031 91.57297 
634298400 -1.846763 -2.001659 6 45.82029 62.33339 91.55063 
634302000 -2.115117 -2.362751 6 45.77941 62.25985 91.5266 
634305600 -2.2424 -2.529471 6 45.70354 62.18022 91.50102 
634309200 -2.291974 -2.589593 6 45.6157 62.0979 91.47474 
634312800 -2.311002 -2.612509 6 45.5246 62.0141 91.44807 
634316400 -2.314031 -2.609929 6 45.43728 61.92989 91.42126 
634320000 -2.298608 -2.580183 6 45.35429 61.84536 91.39435 
634323600 -2.25728 -2.514203 6 45.27812 61.76081 91.3674 
634327200 -2.167357 -2.387707 6 45.21723 61.67767 91.34078 
634330800 -1.883798 -2.001272 6 45.19763 61.60054 91.31564 
634334400 -1.806179 -1.897076 6 45.20516 61.52781 91.29158 
634338000 -1.76185 -1.8388 6 45.2221 61.45686 91.26793 
634341600 -1.726389 -1.793003 6 45.24531 61.3873 91.24462 
634345200 -1.693814 -1.751458 6 45.27374 61.31903 91.2216 
634348740 -1.662661 -1.712127 6 45.30683 61.25202 91.19887 
634352400 -1.626768 -1.666694 6 45.3452 61.18643 91.17648 
634356000 -1.601704 -1.636126 6 45.38697 61.12202 91.15436 
634359600 -1.574969 -1.603435 6 45.43194 61.05878 91.13251 
634363200 -1.548592 -1.571368 6 45.48003 60.99675 91.11094 
634366800 -1.523151 -1.54069 6 45.53098 60.9359 91.08964 
634370400 -1.49881 -1.511599 6 45.58451 60.87622 91.06862 
634374000 -1.485536 -1.49753 6 45.63922 60.81756 91.04783 
634377600 -1.549726 -1.588149 6 45.68649 60.75849 91.02691 
634381200 -1.666448 -1.748742 6 45.71606 60.69726 91.00543 
634384800 -1.868986 -2.023704 6 45.71562 60.63164 90.98283 
634388400 -2.131981 -2.37731 6 45.6743 60.55947 90.95856 
634392000 -2.253237 -2.535769 6 45.59942 60.48144 90.93279 
634395600 -2.301999 -2.594766 6 45.51307 60.4008 90.90634 
634399200 -2.320513 -2.617311 6 45.42367 60.31872 90.8795 
634402800 -2.32367 -2.614863 6 45.33822 60.23627 90.85253 
634406400 -2.308594 -2.585622 6 45.25707 60.15352 90.82545 
634410000 -2.268597 -2.521172 6 45.18255 60.07072 90.79834 
634413600 -2.181094 -2.397992 6 45.12279 59.98927 90.77153 
634417200 -1.902831 -2.018861 6 45.10357 59.91373 90.74617 
634420800 -1.827438 -1.917685 6 45.11076 59.84248 90.72186 
634424400 -1.784061 -1.860677 6 45.1271 59.77299 90.69796 
634428000 -1.749065 -1.815483 6 45.1496 59.70487 90.67438 
634431600 -1.716759 -1.774277 6 45.17722 59.63804 90.65109 
634435140 -1.685781 -1.735163 6 45.20945 59.57247 90.6281 
634438800 -1.650008 -1.689879 6 45.24692 59.50833 90.60543 
634442400 -1.625027 -1.65941 6 45.28775 59.44537 90.58303 
634446000 -1.598349 -1.626787 6 45.33174 59.3836 90.56091 
634449600 -1.572009 -1.594765 6 45.37881 59.32303 90.53906 
634453200 -1.54659 -1.564116 6 45.42872 59.26367 90.51749 
634456800 -1.522258 -1.535039 6 45.48118 59.20547 90.49619 
634460400 -1.508995 -1.520983 6 45.53481 59.14831 90.47512 
634464000 -1.573293 -1.611705 6 45.58097 59.09075 90.45393 
634467600 -1.69019 -1.772449 6 45.60943 59.03103 90.43217 
634471200 -1.89264 -2.047133 6 45.60794 58.96694 90.40929 
634474800 -2.149499 -2.392185 6 45.56609 58.89638 90.38476 
634478400 -2.264769 -2.542438 6 45.4922 58.82019 90.35878 
634482000 -2.31273 -2.600319 6 45.40732 58.74147 90.33214 
634485600 -2.330496 -2.622374 6 45.31971 58.66138 90.30512 
634489200 -2.333862 -2.620097 6 45.23626 58.58097 90.27798 
634492800 -2.319196 -2.591405 6 45.15701 58.50026 90.25073 
634496400 -2.280657 -2.528572 6 45.08415 58.41949 90.22344 
634500000 -2.195667 -2.408829 6 45.02552 58.33999 90.19643 
634503600 -1.92307 -2.037499 6 45.00658 58.26629 90.17083 
634507200 -1.850092 -1.939594 6 45.01332 58.19678 90.14625 
634510800 -1.807789 -1.884007 6 45.02893 58.12898 90.12208 
634514400 -1.773344 -1.839521 6 45.05055 58.06255 90.09821 
634518000 -1.741374 -1.798736 6 45.07721 57.9974 90.07463 
634521540 -1.710628 -1.759902 6 45.10842 57.93352 90.05134 
634525200 -1.675025 -1.714825 6 45.14482 57.87107 90.02838 
634528800 -1.650169 -1.6845 6 45.18453 57.8098 90.00568 
634532400 -1.623584 -1.651984 6 45.22737 57.74973 89.98326 
634536000 -1.597315 -1.620044 6 45.27326 57.69087 89.96111 
634539600 -1.57195 -1.589456 6 45.32195 57.63322 89.93924 
634543200 -1.547657 -1.560423 6 45.37316 57.57675 89.91763 
634546800 -1.534433 -1.546409 6 45.42552 57.52133 89.89626 
634550400 -1.598874 -1.637267 6 45.47039 57.46551 89.87476 
634554000 -1.715978 -1.798189 6 45.49757 57.40754 89.8527 
634557600 -1.918256 -2.072462 6 45.49486 57.34522 89.82951 
634561200 -2.167989 -2.407596 6 45.45243 57.27652 89.80469 
634564800 -2.277265 -2.549631 6 45.37956 57.20245 89.77849 
634568400 -2.324424 -2.60639 6 45.2962 57.12594 89.75163 
634572000 -2.341132 -2.627786 6 45.21057 57.04814 89.72442 
634575600 -2.344844 -2.625763 6 45.12927 56.97007 89.69709 
634579200 -2.330672 -2.597678 6 45.05205 56.8917 89.66966 
634582800 -2.293664 -2.536482 6 44.98099 56.81326 89.64217 
634586400 -2.211377 -2.420428 6 44.92348 56.73601 89.61493 
634590000 -1.944922 -2.057548 6 44.9048 56.66442 89.58907 
634593600 -1.874596 -1.963226 6 44.91098 56.59692 89.5642 
634597200 -1.833516 -1.909253 6 44.92572 56.5311 89.53972 
634600800 -1.799728 -1.865606 6 44.9463 56.46662 89.51554 
634604400 -1.768177 -1.825339 6 44.97184 56.40342 89.49164 
634607940 -1.73773 -1.786866 6 45.00186 56.34149 89.46803 
634611600 -1.702355 -1.742062 6 45.037 56.28099 89.44474 
634615200 -1.67767 -1.711933 6 45.07542 56.22168 89.42171 
634618800 -1.651221 -1.67957 6 45.11692 56.16358 89.39896 
634622400 -1.625061 -1.647751 6 45.16144 56.10669 89.37647 
634626000 -1.599782 -1.617259 6 45.20872 56.05102 89.35426 
634629600 -1.575559 -1.588302 6 45.25849 55.99654 89.33232 
634633200 -1.562404 -1.57436 6 45.30938 55.94312 89.31061 
634636800 -1.627026 -1.665392 6 45.35277 55.88931 89.28877 
634640400 -1.744371 -1.82652 6 45.37848 55.83336 89.26636 
634644000 -1.946346 -2.100172 6 45.37438 55.77307 89.24283 
634647600 -2.187726 -2.423705 6 45.33133 55.70652 89.21769 
634651200 -2.290998 -2.557505 6 45.25957 55.63488 89.19124 
634654800 -2.337346 -2.613128 6 45.17781 55.56089 89.16415 
634658400 -2.352807 -2.633762 6 45.09442 55.48572 89.13672 
634662000 -2.356858 -2.632 6 45.01546 55.41032 89.10919 
634665600 -2.343277 -2.604587 6 44.94043 55.33463 89.08154 
634669200 -2.307954 -2.545148 6 44.87131 55.25885 89.05383 
634672800 -2.228535 -2.433005 6 44.81497 55.18417 89.02634 
634676400 -1.968803 -2.079368 6 44.79651 55.11503 89.0002 
634680000 -1.901408 -1.988999 6 44.80203 55.04984 88.975 
634683600 -1.861732 -1.936871 6 44.81576 54.98629 88.95018 
634687200 -1.82873 -1.894227 6 44.83517 54.92407 88.92565 
634690800 -1.797699 -1.854602 6 44.85941 54.86312 88.90139 
634694340 -1.767633 -1.816588 6 44.88806 54.80343 88.87742 
634698000 -1.732558 -1.772143 6 44.92176 54.74518 88.85376 
634701600 -1.708101 -1.742273 6 44.95869 54.68813 88.83037 
634705200 -1.681835 -1.710116 6 44.99865 54.63228 88.80724 
634708800 -1.655826 -1.678464 6 45.04159 54.57767 88.78438 
634712400 -1.630673 -1.64811 6 45.08726 54.52427 88.76179 
634716000 -1.606555 -1.619267 6 45.13538 54.47208 88.73947 
634719600 -1.5935 -1.605429 6 45.18459 54.42094 88.71737 
634723200 -1.658346 -1.696677 6 45.22629 54.36944 88.69515 
634726800 -1.775968 -1.858032 6 45.25032 54.31581 88.67236 
634730400 -1.977421 -2.130737 6 45.24466 54.25785 88.64845 
634734000 -2.208971 -2.440642 6 45.20099 54.19377 88.62295 
634737600 -2.305762 -2.565807 6 45.1299 54.12484 88.59619 
634741200 -2.351816 -2.620712 6 45.04989 54.0537 88.56883 
634744800 -2.365681 -2.640389 6 44.96915 53.98156 88.54117 
634748400 -2.370194 -2.638968 6 44.89281 53.90921 88.5134 
634752000 -2.357281 -2.612292 6 44.82023 53.83658 88.48551 
634755600 -2.32334 -2.55455 6 44.7533 53.76386 88.45756 
634759200 -2.247465 -2.446774 6 44.69824 53.69212 88.42979 
634762800 -1.995148 -2.103326 6 44.68 53.62577 88.40332 
634766400 -1.931003 -2.017334 6 44.68478 53.56324 88.37777 
634770000 -1.892944 -1.96733 6 44.69739 53.50231 88.35256 
634773600 -1.860888 -1.925889 6 44.71546 53.44268 88.32764 
634777200 -1.830504 -1.887066 6 44.73825 53.38431 88.30298 
634780740 -1.800925 -1.849638 6 44.76533 53.3272 88.2786 
634784400 -1.766242 -1.805664 6 44.7974 53.27153 88.25453 
634788000 -1.74208 -1.776131 6 44.83263 53.21706 88.23072 
634791600 -1.716057 -1.744247 6 44.87085 53.1638 88.20717 
634795200 -1.69025 -1.71282 6 44.91199 53.11178 88.18389 
634798800 -1.665268 -1.682652 6 44.95582 53.06098 88.16087 
634802400 -1.641294 -1.653965 6 45.00207 53.0114 88.13812 
634806000 -1.628377 -1.640269 6 45.04939 52.96288 88.11559 
634809600 -1.693497 -1.731779 6 45.08917 52.91401 88.09294 
634813200 -1.811425 -1.893374 6 45.11129 52.86301 88.06971 
634816800 -2.016729 -2.170988 6 45.10454 52.80783 88.04538 
634820400 -2.232288 -2.458946 6 45.05998 52.74655 88.01948 
634824000 -2.322826 -2.575542 6 44.99031 52.68079 87.9924 
634827600 -2.36806 -2.629285 6 44.91221 52.61291 87.96473 
634831200 -2.380122 -2.647879 6 44.83454 52.54424 87.93681 
634834800 -2.385134 -2.646835 6 44.76107 52.47538 87.90877 
634838400 -2.372922 -2.620941 6 44.69115 52.40623 87.88062 
634842000 -2.340211 -2.564899 6 44.62665 52.33701 87.85238 
634845600 -2.268391 -2.461877 6 44.57296 52.26863 87.82431 
634849200 -2.024227 -2.12963 6 44.55493 52.20549 87.79748 
634852800 -1.963655 -2.048445 6 44.55888 52.14601 87.77151 
634856400 -1.927452 -2.000873 6 44.57022 52.08808 87.74588 
634860000 -1.896533 -1.960882 6 44.5868 52.03142 87.72052 
634863600 -1.866958 -1.923062 6 44.60793 51.97602 87.69542 
634867140 -1.837999 -1.886387 6 44.63326 51.92187 87.67058 
634870800 -1.80383 -1.843031 6 44.66347 51.86915 87.64605 
634874400 -1.780052 -1.81394 6 44.69677 51.81764 87.62177 
634878000 -1.754348 -1.782415 6 44.733 51.76733 87.59775 
634881600 -1.72881 -1.751287 6 44.7721 51.71827 87.57398 
634885200 -1.704056 -1.721369 6 44.81385 51.67045 87.55049 
634888800 -1.680277 -1.692893 6 44.85797 51.62384 87.52725 
634892400 -1.667543 -1.679386 6 44.90313 51.57831 87.50423 
634896000 -1.732994 -1.77121 6 44.94074 51.53242 87.48108 
634899600 -1.851249 -1.933038 6 44.96073 51.48443 87.45736 
634903200 -2.054959 -2.208152 6 44.95205 51.43229 87.43254 
634906800 -2.257176 -2.477699 6 44.90705 51.37428 87.40619 
634910400 -2.342013 -2.586479 6 44.83904 51.31211 87.37875 
634914000 -2.385253 -2.6386 6 44.76317 51.24796 87.35074 
634917600 -2.39634 -2.656368 6 44.68907 51.18325 87.32252 
634921200 -2.401928 -2.655763 6 44.6188 51.11834 87.29419 
634924800 -2.390473 -2.630708 6 44.55186 51.05316 87.26573 
634928400 -2.359056 -2.576463 6 44.49007 50.9879 87.23719 
634932000 -2.29161 -2.478501 6 44.43801 50.92336 87.20876 
634935600 -2.056414 -2.158572 6 44.4202 50.86387 87.18152 
634939200 -1.999735 -2.082618 6 44.42325 50.80789 87.15511 
634942800 -1.965647 -2.037817 6 44.43323 50.75338 87.129 
634946400 -1.936092 -1.999567 6 44.44816 50.70013 87.10315 
634950000 -1.907526 -1.963004 6 44.46747 50.6481 87.07755 
634953540 -1.879359 -1.927297 6 44.49084 50.59733 87.0522 
634957200 -1.845862 -1.884759 6 44.51897 50.54797 87.02715 
634960800 -1.822582 -1.856244 6 44.55011 50.49981 87.00234 
634964400 -1.797294 -1.825193 6 44.5841 50.45287 86.97779 
634968000 -1.772108 -1.794459 6 44.62092 50.40717 86.95349 
634971600 -1.747653 -1.764871 6 44.66033 50.3627 86.92944 
634975200 -1.72413 -1.736673 6 44.70207 50.31947 86.90566 
634978800 -1.711629 -1.723408 6 44.74481 50.27731 86.88209 
634982400 -1.777474 -1.815602 6 44.77999 50.23481 86.85838 
634986000 -1.896046 -1.97761 6 44.79759 50.19021 86.8341 
634989600 -2.097193 -2.248857 6 44.78683 50.14149 86.80873 
634993200 -2.284224 -2.497492 6 44.7416 50.0872 86.78189 
634996800 -2.363622 -2.598811 6 44.6755 50.02911 86.75403 
635000400 -2.40262 -2.648297 6 44.60247 49.96919 86.72564 
635004000 -2.413643 -2.663333 6 44.53231 49.90895 86.69709 
635007600 -2.420361 -2.665911 6 44.46567 49.8485 86.66843 
635011200 -2.412395 -2.645101 6 44.40202 49.78779 86.63963 
635014800 -2.380328 -2.589551 6 44.34314 49.727 86.61074 
635018400 -2.3174 -2.496827 6 44.29294 49.6668 86.58192 
635022000 -2.093621 -2.192595 6 44.27572 49.61149 86.55425 
635025600 -2.039802 -2.120445 6 44.27771 49.55944 86.52733 
635029200 -2.007816 -2.07838 6 44.28621 49.50882 86.5007 
635032800 -1.979814 -2.042113 6 44.29939 49.45941 86.47431 
635036400 -1.952479 -2.007094 6 44.31672 49.41122 86.44815 
635039940 -1.925317 -1.972624 6 44.33795 49.36425 86.42223 
635043600 -1.892699 -1.931166 6 44.3638 49.31868 86.3966 
635047200 -1.870061 -1.903403 6 44.39255 49.27431 86.37121 
635050800 -1.845311 -1.872974 6 44.42408 49.23114 86.34606 
635054400 -1.820582 -1.84276 6 44.45835 49.18921 86.32116 
635058000 -1.796514 -1.813604 6 44.49517 49.14852 86.29651 
635061600 -1.773324 -1.78577 6 44.53427 49.10906 86.2721 
635065200 -1.761115 -1.77281 6 44.57434 49.07067 86.24792 
635068800 -1.827417 -1.865426 6 44.60684 49.03195 86.22359 
635072400 -1.946237 -2.027472 6 44.62181 48.99113 86.19868 
635076000 -2.143331 -2.292777 6 44.60889 48.94626 86.17269 
635079600 -2.313601 -2.518373 6 44.56374 48.89616 86.14531 
635083200 -2.387921 -2.61273 6 44.49986 48.84262 86.11699 
635086800 -2.42233 -2.65923 6 44.43036 48.78749 86.0882 
635090400 -2.432127 -2.671456 6 44.36454 48.73221 86.05928 
635094000 -2.440695 -2.676493 6 44.30197 48.67675 86.03024 
635097600 -2.43809 -2.663624 6 44.24213 48.62104 86.00106 
635101200 -2.404308 -2.604625 6 44.1865 48.56522 85.97179 
635104800 -2.345845 -2.516904 6 44.13846 48.50988 85.94255 
635108400 -2.13253 -2.227053 6 44.12154 48.45917 85.91438 
635112000 -2.083093 -2.160783 6 44.12262 48.41155 85.88692 
635115600 -2.053722 -2.122146 6 44.12967 48.36528 85.85972 
635119200 -2.027601 -2.088296 6 44.14104 48.32018 85.83273 
635122800 -2.001783 -2.055195 6 44.15632 48.27626 85.80597 
635126340 -1.975886 -2.0223 6 44.17528 48.23353 85.77943 
635130000 -1.944417 -1.982271 6 44.19868 48.19218 85.75316 
635133600 -1.922601 -1.955486 6 44.22486 48.152 85.72712 
635137200 -1.898549 -1.925876 6 44.25371 48.11302 85.70132 
635140800 -1.874412 -1.896346 6 44.28524 48.07526 85.67575 
635144400 -1.850845 -1.867757 6 44.31924 48.03874 85.65043 
635148000 -1.828078 -1.840396 6 44.35547 48.00342 85.62535 
635151600 -1.816229 -1.827811 6 44.39263 47.96919 85.60048 
635155200 -1.883035 -1.920878 6 44.42223 47.93461 85.57546 
635158800 -2.0019 -2.082643 6 44.43441 47.89795 85.54986 
635162400 -2.192759 -2.339011 6 44.41935 47.85732 85.52319 
635166000 -2.344418 -2.539249 6 44.37418 47.81179 85.49521 
635169600 -2.415072 -2.628384 6 44.31291 47.76324 85.46638 
635173200 -2.442459 -2.66603 6 44.2478 47.71342 85.43715 
635176800 -2.454136 -2.682696 6 44.18677 47.66358 85.40783 
635180400 -2.463921 -2.689044 6 44.12866 47.61357 85.37838 
635184000 -2.462279 -2.677213 6 44.07301 47.56333 85.34879 
635187600 -2.432416 -2.623963 6 44.02112 47.51298 85.3191 
635191200 -2.377014 -2.538781 6 43.97566 47.46298 85.28942 
635194800 -2.174881 -2.26431 6 43.95914 47.4173 85.26072 
635198400 -2.129779 -2.203861 6 43.95939 47.37453 85.23266 
635202000 -2.103135 -2.168805 6 43.96505 47.33304 85.20485 
635205600 -2.079107 -2.137655 6 43.97467 47.29266 85.17723 
635209200 -2.055065 -2.106818 6 43.98789 47.2534 85.14981 
635212740 -2.030707 -2.075863 6 44.00456 47.21531 85.12261 
635216400 -2.000702 -2.03768 6 44.02544 47.17855 85.09566 
635220000 -1.979916 -2.012141 6 44.04893 47.14293 85.06893 
635223600 -1.956753 -1.983595 6 44.075 47.10848 85.04241 
635227200 -1.933373 -1.954957 6 44.10363 47.07523 85.01613 
635230800 -1.910443 -1.927107 6 44.13466 47.04319 84.99008 
635234400 -1.888212 -1.900354 6 44.16785 47.01235 84.96426 
635238000 -1.876788 -1.888219 6 44.20194 46.98257 84.93865 
635241600 -1.944116 -1.981725 6 44.22849 46.95244 84.91288 
635245200 -2.062617 -2.142601 6 44.23778 46.92023 84.88653 
635248800 -2.244391 -2.386148 6 44.22079 46.88417 84.85914 
635252400 -2.378553 -2.562444 6 44.17672 46.84368 84.83054 
635256000 -2.445008 -2.645836 6 44.11837 46.80048 84.80118 
635259600 -2.465883 -2.67631 6 44.05853 46.75642 84.7715 
635263200 -2.479013 -2.695975 6 44.00259 46.71239 84.74174 
635266800 -2.489727 -2.70336 6 43.94921 46.66819 84.71185 
635270400 -2.488953 -2.692513 6 43.89805 46.62379 84.68183 
635274000 -2.472201 -2.660077 6 43.85028 46.57927 84.6517 
635277600 -2.411236 -2.563125 6 43.80767 46.53498 84.62154 
635281200 -2.220302 -2.304086 6 43.79159 46.49465 84.59228 
635284800 -2.179174 -2.248978 6 43.79113 46.45706 84.56362 
635288400 -2.155204 -2.21744 6 43.79555 46.42067 84.53517 
635292000 -2.133373 -2.189141 6 43.80355 46.38532 84.50689 
635295600 -2.111302 -2.160838 6 43.81484 46.35104 84.4788 
635299140 -2.088725 -2.132152 6 43.8293 46.31787 84.4509 
635302800 -2.060513 -2.09626 6 43.8477 46.28597 84.42325 
635306400 -2.040973 -2.072254 6 43.86853 46.25517 84.39579 
635310000 -2.018916 -2.04506 6 43.89178 46.22549 84.36853 
635313600 -1.996489 -2.017572 6 43.91749 46.19698 84.3415 
635317200 -1.97436 -1.990673 6 43.94549 46.16964 84.31469 
635320800 -1.952797 -1.9647 6 43.97558 46.14346 84.2881 
635324400 -1.941863 -1.95309 6 44.00655 46.11831 84.26171 
635328000 -2.009664 -2.046931 6 44.02999 46.09279 84.23516 
635331600 -2.127041 -2.205851 6 44.03645 46.0652 84.20802 
635335200 -2.296585 -2.432332 6 44.01795 46.03394 84.17989 
635338800 -2.414552 -2.58652 6 43.97556 45.99874 84.15067 
635342400 -2.47576 -2.664342 6 43.92069 45.96112 84.12075 
635346000 -2.492182 -2.68953 6 43.86649 45.92304 84.09061 
635349600 -2.506547 -2.711226 6 43.81574 45.88498 84.06039 
635353200 -2.517959 -2.719466 6 43.76728 45.84676 84.03004 
635356800 -2.517934 -2.709543 6 43.7208 45.80836 83.99958 
635360400 -2.502017 -2.678477 6 43.67741 45.76986 83.969 
635364000 -2.449202 -2.591276 6 43.63819 45.73148 83.93838 
635367600 -2.269941 -2.348388 6 43.62291 45.69669 83.90855 
635371200 -2.230623 -2.295678 6 43.6218 45.66441 83.87927 
635374800 -2.208832 -2.267008 6 43.62519 45.63325 83.85018 
635378400 -2.189102 -2.241454 6 43.63183 45.60308 83.82125 
635382000 -2.169054 -2.215774 6 43.64144 45.5739 83.79248 
635385540 -2.148394 -2.189558 6 43.65393 45.54576 83.76389 
635389200 -2.122243 -2.156329 6 43.67004 45.51883 83.73552 
635392800 -2.104118 -2.134095 6 43.68838 45.49292 83.70733 
635396400 -2.083374 -2.108537 6 43.70898 45.46808 83.67934 
635400000 -2.0621 -2.082475 6 43.73187 45.44434 83.65155 
635403600 -2.040951 -2.056771 6 43.75696 45.42172 83.62397 
635407200 -2.020205 -2.031778 6 43.78404 45.40022 83.59661 
635410800 -2.009809 -2.020756 6 43.81195 45.37969 83.56943 
635414400 -2.077912 -2.114678 6 43.83242 45.35877 83.54208 
635418000 -2.192948 -2.269977 6 43.83629 45.33579 83.51416 
635421600 -2.347643 -2.475917 6 43.81692 45.30937 83.48529 
635425200 -2.450829 -2.610201 6 43.77626 45.27942 83.45545 
635428800 -2.499734 -2.672307 6 43.72561 45.24744 83.425 
635432400 -2.520784 -2.70488 6 43.67715 45.21528 83.3944 
635436000 -2.535943 -2.728077 6 43.6317 45.18312 83.36371 
635439600 -2.547895 -2.737062 6 43.58826 45.15083 83.33292 
635443200 -2.548527 -2.728002 6 43.54656 45.11836 83.30201 
635446800 -2.533345 -2.698239 6 43.50765 45.08579 83.271 
635450400 -2.50483 -2.649126 6 43.47233 45.0533 83.23993 
635454000 -2.322552 -2.395896 6 43.45612 45.02364 83.20949 
635457600 -2.283182 -2.343138 6 43.45451 44.99653 83.1796 
635461200 -2.263026 -2.316642 6 43.45721 44.97049 83.14988 
635464800 -2.24517 -2.293561 6 43.46285 44.94537 83.12032 
635468400 -2.227036 -2.270395 6 43.47116 44.92117 83.0909 
635471940 -2.208271 -2.246652 6 43.48207 44.89793 83.06164 
635475600 -2.184299 -2.21628 6 43.49627 44.87581 83.03258 
635479200 -2.167652 -2.195928 6 43.51247 44.85463 83.00369 
635482800 -2.148355 -2.172213 6 43.53073 44.83445 82.97498 
635486400 -2.128396 -2.147813 6 43.55114 44.8153 82.94646 
635490000 -2.108386 -2.123535 6 43.57358 44.7972 82.91814 
635493600 -2.088597 -2.099726 6 43.59792 44.78014 82.89002 
635497200 -2.078752 -2.089321 6 43.62304 44.764 82.86207 
635500800 -2.146798 -2.182833 6 43.64082 44.74743 82.83396 
635504400 -2.260286 -2.335578 6 43.64292 44.72891 82.8053 
635508000 -2.396603 -2.516362 6 43.6233 44.70712 82.77574 
635511600 -2.488364 -2.635151 6 43.58538 44.68226 82.74533 
635515200 -2.526827 -2.684263 6 43.53952 44.65571 82.71439 
635518800 -2.551093 -2.722041 6 43.49641 44.62912 82.68335 
635522400 -2.566677 -2.746338 6 43.456 44.60251 82.65223 
635526000 -2.57899 -2.755954 6 43.41737 44.57578 82.621 
635529600 -2.58014 -2.747669 6 43.38029 44.54887 82.58967 
635533200 -2.565539 -2.719076 6 43.34573 44.52187 82.55826 
635536800 -2.538281 -2.672065 6 43.31439 44.49492 82.52679 
635540400 -2.381424 -2.451782 6 43.29614 44.46982 82.49571 
635544000 -2.336434 -2.391511 6 43.29392 44.44745 82.46522 
635547600 -2.316658 -2.365538 6 43.2962 44.42614 82.43493 
635551200 -2.300214 -2.344353 6 43.30122 44.4057 82.40477 
635554800 -2.283718 -2.323372 6 43.30867 44.3861 82.37474 
635558340 -2.266654 -2.301888 6 43.31845 44.36738 82.34487 
635562000 -2.24478 -2.2743 6 43.33119 44.34967 82.31517 
635565600 -2.229528 -2.255759 6 43.34572 44.33284 82.28563 
635569200 -2.211692 -2.233941 6 43.36212 44.31692 82.25626 
635572800 -2.193112 -2.211324 6 43.38047 44.30195 82.22706 
635576400 -2.174333 -2.188627 6 43.40071 44.28794 82.19805 
635580000 -2.155606 -2.166168 6 43.42271 44.2749 82.16923 
635583600 -2.146278 -2.156357 6 43.44543 44.26271 82.14058 
635587200 -2.213693 -2.248699 6 43.46096 44.25005 82.11176 
635590800 -2.318974 -2.389996 6 43.46125 44.23543 82.08239 
635594400 -2.440378 -2.550492 6 43.44201 44.21786 82.05222 
635598000 -2.525251 -2.65982 6 43.4072 44.19762 82.02129 
635601600 -2.555479 -2.699018 6 43.36661 44.17606 81.98994 
635605200 -2.582264 -2.740376 6 43.32858 44.15446 81.9585 
635608800 -2.59773 -2.765491 6 43.29292 44.13283 81.92698 
635612400 -2.61026 -2.775629 6 43.25884 44.11107 81.89537 
635616000 -2.611826 -2.768032 6 43.22612 44.08914 81.86367 
635619600 -2.597665 -2.740454 6 43.19569 44.06709 81.8319 
635623200 -2.571461 -2.695312 6 43.16812 44.04508 81.80008 
635626800 -2.438463 -2.506319 6 43.15008 44.02435 81.76851 
635630400 -2.387475 -2.438018 6 43.14735 44.00617 81.73751 
635634000 -2.367536 -2.411871 6 43.14941 43.98908 81.70671 
635637600 -2.352109 -2.392082 6 43.15409 43.97278 81.67604 
635641200 -2.336912 -2.372865 6 43.16098 43.95726 81.64549 
635644740 -2.321252 -2.35327 6 43.16998 43.94253 81.61508 
635648400 -2.301215 -2.328149 6 43.18166 43.92873 81.58484 
635652000 -2.287158 -2.311183 6 43.19494 43.91572 81.55475 
635655600 -2.270663 -2.291136 6 43.20991 43.90353 81.5248 
635659200 -2.253401 -2.27025 6 43.22666 43.89221 81.49503 
635662800 -2.235846 -2.249151 6 43.24512 43.88177 81.46543 
635666400 -2.21821 -2.228108 6 43.26521 43.87221 81.43601 
635670000 -2.20933 -2.218822 6 43.28596 43.86342 81.40674 
635673600 -2.275405 -2.309067 6 43.29974 43.85413 81.37732 
635677200 -2.373704 -2.440639 6 43.29918 43.84298 81.34737 
635680800 -2.481776 -2.58301 6 43.2812 43.82916 81.3167 
635684400 -2.553184 -2.674285 6 43.2496 43.81298 81.28536 
635688000 -2.585945 -2.717675 6 43.21328 43.79565 81.25366 
635691600 -2.613539 -2.759907 6 43.17938 43.77828 81.22186 
635695200 -2.628476 -2.785262 6 43.14767 43.76086 81.19001 
635698800 -2.640974 -2.795699 6 43.11743 43.74331 81.15807 
635702400 -2.642754 -2.788616 6 43.08846 43.72559 81.12606 
635706000 -2.628848 -2.761837 6 43.06158 43.70775 81.09399 
635709600 -2.603455 -2.718267 6 43.03731 43.68991 81.06187 
635713200 -2.507745 -2.578492 6 43.01797 43.6726 81.02984 
635716800 -2.438999 -2.486452 6 43.01389 43.65776 80.99836 
635720400 -2.41626 -2.45662 6 43.01577 43.64412 80.96712 
635724000 -2.401066 -2.437208 6 43.02034 43.63125 80.93601 
635727600 -2.386745 -2.419219 6 43.027 43.61911 80.90502 
635731140 -2.372143 -2.401088 6 43.03559 43.60768 80.87416 
635734800 -2.3536 -2.378007 6 43.0466 43.5971 80.84347 
635738400 -2.340473 -2.362301 6 43.05908 43.58724 80.8129 
635742000 -2.325106 -2.343774 6 43.07308 43.57812 80.78249 
635745600 -2.308993 -2.324428 6 43.08868 43.5698 80.75223 
635749200 -2.292543 -2.3048 6 43.10585 43.56226 80.72213 
635752800 -2.27593 -2.285113 6 43.1245 43.55553 80.69221 
635756400 -2.267374 -2.276219 6 43.14375 43.54951 80.66243 
635760000 -2.331305 -2.363336 6 43.15631 43.54297 80.6325 
635763600 -2.422059 -2.484524 6 43.15554 43.53467 80.60209 
635767200 -2.519127 -2.612011 6 43.13919 43.52397 80.57103 
635770800 -2.57403 -2.681374 6 43.1114 43.51125 80.5394 
635774400 -2.613473 -2.733385 6 43.07909 43.49744 80.50742 
635778000 -2.643415 -2.778489 6 43.04858 43.4835 80.47535 
635781600 -2.657821 -2.804727 6 43.02016 43.46952 80.44322 
635785200 -2.670288 -2.815513 6 42.99317 43.45539 80.41103 
635788800 -2.672239 -2.808891 6 42.96737 43.44109 80.37877 
635792400 -2.658474 -2.782755 6 42.94354 43.42666 80.34646 
635796000 -2.633695 -2.740488 6 42.92211 43.41221 80.31412 
635799600 -2.581314 -2.658377 6 42.90339 43.39794 80.28178 
635803200 -2.494219 -2.541569 6 42.89574 43.38536 80.24981 
635806800 -2.462957 -2.500396 6 42.89707 43.37439 80.21819 
635810400 -2.446589 -2.479491 6 42.90162 43.36424 80.18673 
635814000 -2.432615 -2.462043 6 42.90824 43.35477 80.15538 
635817540 -2.418723 -2.44493 6 42.91667 43.34596 80.12416 
635821200 -2.401317 -2.423435 6 42.92731 43.33793 80.0931 
635824800 -2.388863 -2.408669 6 42.9393 43.33056 80.06216 
635828400 -2.374378 -2.391359 6 42.95268 43.32387 80.03137 
635832000 -2.359195 -2.373285 6 42.96752 43.3179 80.00072 
635835600 -2.34367 -2.354915 6 42.98379 43.31265 79.97023 
635839200 -2.327946 -2.336426 6 43.0014 43.30814 79.93991 
635842800 -2.319586 -2.32778 6 43.01955 43.30427 79.90973 
635846400 -2.380671 -2.410882 6 43.03134 43.2999 79.8794 
635850000 -2.464063 -2.522027 6 43.03081 43.29388 79.84864 
635853600 -2.552392 -2.637751 6 43.01625 43.28569 79.81728 
635857200 -2.599116 -2.696384 6 42.99184 43.27573 79.78543 
635860800 -2.64078 -2.750887 6 42.96272 43.26467 79.75325 
